Row	ID	AllWeights	AllProperties
0	WS29726	1 膳=100|0.7 合=115|1 カップ|1.2 皿	03130|042.7|050.3|0628|070.4|080.05|090.1|100.1|110.1|1210|131.2|1435|151
1	WS29726	1 膳=100|0.7 合=115|1 カップ|1.2 皿	03130|042.7|050.3|0628|070.4|080.05|090.1|100.1|110.1|1210|131.2|1435|151
2	WS22552	1 の小さなカップ=180|1 大カップ=355|1 ペットボトル=200|1 カップ	034.3|040.1|060.5|070.1|126.5|130.05|1432|151.5
3	WS22548	1 媒体=44|1 個=44|1 の余分な大規模です=56|1 大=50|1 カップ|1 ジャンボ=63	03145|0412.5|059.55|060.7|080.35|093.15|103.65|111.9|1256|131.75|14140|15140|16370|182
4	WS29726	1 膳=100|0.7 合=115|1 カップ|1.2 皿	03130|042.7|050.3|0628|070.4|080.05|090.1|100.1|110.1|1210|131.2|1435|151
5	WS29726	1 膳=100|0.7 合=115|1 カップ|1.2 皿	03130|042.7|050.3|0628|070.4|080.05|090.1|100.1|110.1|1210|131.2|1435|151
6	WS22545	1 スライス=25|1 スライス小さな=12|1 カップ （キューブ）=35|2 の薄いスライス=40|1 の大スライス （キューブ）=30|1 非常に薄いスライス （キューブ）=15|1 コーヒーミルクパン=35|1 薄いスライス地殻 （キューブ） なし地殻なし=9|1 カップ (パン粉)=45	03260|0410.5|053.15|0637.5|079.15|090.6|100.8|111.25|1245|132.2|14230|15445|160.7
7	WS22545	1 スライス=25|1 スライス小さな=12|1 カップ （キューブ）=35|2 の薄いスライス=40|1 の大スライス （キューブ）=30|1 非常に薄いスライス （キューブ）=15|1 コーヒーミルクパン=35|1 薄いスライス地殻 （キューブ） なし地殻なし=9|1 カップ (パン粉)=45	03260|0410.5|053.15|0637.5|079.15|090.6|100.8|111.25|1245|132.2|14230|15445|160.7
8	WS22543	1 スライス=25|1 スライス小さな=12|1 カップ (パン粉)=45|1 カップ （キューブ）=35|1 の大スライス （キューブ）=30|1 の薄いスライス=20|1 薄いスライス地殻 （キューブ） なし地殻なし=9|1 非常に薄いスライス （キューブ）=15	03260|0411.5|053.4|0650.5|074.3
9	WS74762	1 カップ （スライス）=150|50 グ=84|1 カップ （マッシュ アップ）=225|1 いち本=90|1 本|1 大一本	0381.5|041.15|050.35|0623|072.65|0812|090.1|100.05|110.05|125.3|130.25|14360|151|178.7
10	WS22545	1 スライス=25|1 スライス小さな=12|1 カップ （キューブ）=35|2 の薄いスライス=40|1 の大スライス （キューブ）=30|1 非常に薄いスライス （キューブ）=15|1 コーヒーミルクパン=35|1 薄いスライス地殻 （キューブ） なし地殻なし=9|1 カップ (パン粉)=45	03260|0410.5|053.15|0637.5|079.15|090.6|100.8|111.25|1245|132.2|14230|15445|160.7
11	WS22552	1 の小さなカップ=180|1 大カップ=355|1 ペットボトル=200|1 カップ	034.3|040.1|060.5|070.1|126.5|130.05|1432|151.5
12	WS22546	1 大カップ=355|0.5 カ=25|1 カップ|1 の小さなカップ=180	0342|043.35|050.95|065|085.2|090.65|100.3|110.05|12125|130.05|14150|1544|165|181.2
13	WS41814	1 ミディアム=185	0379|044|051.65|0612.5|0817.5|090.95|100.4|110.05|12145|130.05|14180|1555|165.15|170.7
14	WS43372	0.5 カ=200|0.5 カップ	0363|042.85|050.15|0612.5|074.4|083.1|090.05|110.05|1225|130.8|14170|1535|173.2
15	WS149933		03110|0417|055.35|069.45
16	WS24311	0.5 カップ|300 グラム	0399.5
17	WS22545	1 スライス=25|1 スライス小さな=12|1 カップ （キューブ）=35|2 の薄いスライス=40|1 の大スライス （キューブ）=30|1 非常に薄いスライス （キューブ）=15|1 コーヒーミルクパン=35|1 薄いスライス地殻 （キューブ） なし地殻なし=9|1 カップ (パン粉)=45	03260|0410.5|053.15|0637.5|079.15|090.6|100.8|111.25|1245|132.2|14230|15445|160.7
18	WS43372	0.5 カ=200|0.5 カップ	0363|042.85|050.15|0612.5|074.4|083.1|090.05|110.05|1225|130.8|14170|1535|173.2
19	WS151119		0384.5
20	WS23009	1 カップ|100 グラム	03160|045.8|050.95|0631|071.8|080.55|090.2|100.15|110.3|127|131.3|1444|151
21	WS22550	0.5 カップ （采の目切り）=75	0379.5|042|050.1|0617.5|072.2|080.8|090.05|110.05|1212|130.8|14420|156|1719.5
22	WS74762	1 カップ （スライス）=150|50 グ=84|1 カップ （マッシュ アップ）=225|1 いち本=90|1 本|1 大一本	0381.5|041.15|050.35|0623|072.65|0812|090.1|100.05|110.05|125.3|130.25|14360|151|178.7
23	WS42972	1 の小さなカップ=180|0.4 大カップ=140|1 カップ	031.05|060.3|1437|153
24	WS151119		0384.5
25	WS22551	1 スライス=8|4 の薄いスライス=20|1 の厚さのスライス=12|1 の厚さのスライス=12	03540|0437|0542|061.45|0913.5|1018.5|114.55|1211|131.45|14565|151700|16110|181
26	WS149952		03180
27	WS22550	0.5 カップ （采の目切り）=75	0379.5|042|050.1|0617.5|072.2|080.8|090.05|110.05|1212|130.8|14420|156|1719.5
28	WS43372	0.5 カ=200|0.5 カップ	0363|042.85|050.15|0612.5|074.4|083.1|090.05|110.05|1225|130.8|14170|1535|173.2
29	WS24311	0.5 カップ|300 グラム	0399.5
30	WS24307	400 グラム	032900
31	WS22552	1 の小さなカップ=180|1 大カップ=355|1 ペットボトル=200|1 カップ	034.3|040.1|060.5|070.1|126.5|130.05|1432|151.5
32	WS42905	1 大規模なチョップ=185|0.7 小さなチョップ小さなコンテナー=56.5	03240|0426.5|0514|094.9|106|111.5|1220|131.1|14340|1557|1688|170.1|180.9
33	WS24312		0369.5|053.4
34	WS43373	1 の個々 のパケット=8.9|1 ティー スプーン|1 杯	0353.5|048.15|050.55|065.45|070.8|080.4|090.05|100.1|110.25|1233|131.45|14435|155500
35	WS42905	1 大規模なチョップ=185|0.7 小さなチョップ小さなコンテナー=56.5	03240|0426.5|0514|094.9|106|111.5|1220|131.1|14340|1557|1688|170.1|180.9
36	WS48107	1 カップ|1 の小さなカップ=180|1 大カップ=355	0352|042.6|051.95|066.05|070.3|080.55|090.55|100.85|110.55|129|131.35|1444|15705|1611
37	WS149933		03110|0417|055.35|069.45
38	WS26496	1 大カップ=355|1 の小さなカップ=180|1 カップ	03420|0410.5|0515.5|0663.5|072.3|081.55|097.55|106.55|111.45|1229|134|14180|152050|170.3
39	WS42972	1 の小さなカップ=180|0.4 大カップ=140|1 カップ	031.05|060.3|1437|153
40	WS214740		03510
41	WS22548	1 媒体=44|1 個=44|1 の余分な大規模です=56|1 大=50|1 カップ|1 ジャンボ=63	03145|0412.5|059.55|060.7|080.35|093.15|103.65|111.9|1256|131.75|14140|15140|16370|182
42	WS214965		03320|0421|0526|061.2
43	WS154259		0352|040.25|050.15|0614|072.4|0810.5|090.05|110.05|126|130.1|14105|151|174.6
44	WS22548	1 媒体=44|1 個=44|1 の余分な大規模です=56|1 大=50|1 カップ|1 ジャンボ=63	03145|0412.5|059.55|060.7|080.35|093.15|103.65|111.9|1256|131.75|14140|15140|16370|182
45	WS24689	1 大カップ=355|1 カップ|1 の小さなカップ=180	0316|042|050.55|060.4|080.3|090.15|100.25|110.1|124|130.2|1486|15305
46	WS22550	0.5 カップ （采の目切り）=75	0379.5|042|050.1|0617.5|072.2|080.8|090.05|110.05|1212|130.8|14420|156|1719.5
47	WS48343	100 グラム	03270
48	WS30875	0.5 チキン=460|1 胸=290|1 ドラムスティック=135|1 翼=49|1 ナゲット=20|1 カップみじん切り (采の目切り)=140	03230|0426.5|0513.5|093.8|105.35|112.95|1215|131.25|14225|1582|1688
49	WS23627	1 のホットドッグ=45	03305|0411.5|0527.5|061.7|0911|1013.5|112.75|1211|131.15|14165|15820|1650|180.9
50	WS74762	1 カップ （スライス）=150|50 グ=84|1 カップ （マッシュ アップ）=225|1 いち本=90|1 本|1 大一本	0381.5|041.15|050.35|0623|072.65|0812|090.1|100.05|110.05|125.3|130.25|14360|151|178.7
51	WS41700	1 媒体ウェッジ (1/8 メロン)=69|1 大きなくさび (1/8 メロン)=100|1 の小さなくさび (1/8 メロン)=55|1 の小さなくさび (1/8 メロン)=55|1 の小さなくさび (1/8 メロン)=55|1 の小さなくさび (1/8 メロン)=55	0330|040.6|050.15|067.55|070.4|086.2|100.05|110.05|127|130.25|14110|151|178.1
52	WS151119		0384.5
53	WS43376	1 の小さなカップ=180|1 カップ|0.5 リットル|1 大カップ=355	0343|040.6|050.1|0610.5|070.3|088.3|110.05|1211|130.15|14180|152|1733.5
54	WS42906	1 ミディアム=185	0385|044.95|051.25|0614|0814|090.8|100.35|110.05|12170|130.05|14220|1566|165|170.8
55	WS50183	100 グラム	03320|0410|0574|0654
56	WS151611		0318|040.35
57	WS42905	1 大規模なチョップ=185|0.7 小さなチョップ小さなコンテナー=56.5	03240|0426.5|0514|094.9|106|111.5|1220|131.1|14340|1557|1688|170.1|180.9
58	WS23625	1 ステーキ=56|1 サービング=56|1 パッケージ (溶融)=395	03325|0416.5|0533.5|0911.5|1011|110.5|1212|131.85|14235|1568|1671|180.4
59	WS42605	1 サービング=48	03340|0419.5|0528.5|099.15|1012.5|113.75|1213|131.35|14295|15895|1684|170.7|180.7
60	WS182717	1 杯 （みじん切り）=89|1 カップ (細切り)=70|1 葉 (細切り)=15|0.5 杯 (千切り)=50|0.5 カップ	0324.5|041.25|050.05|065.4|071.9|082.8|1248|130.15|14195|158|1737.5
61	WS144527	1 スライス=25|1 の大スライス （キューブ）=30|1 ダブルブレンド一枚|1 スライス小さな=12|1 カップ (パン粉)=45|1 カップ （キューブ）=35|1 の薄いスライス=20|1 薄いスライス地殻 （キューブ） なし地殻なし=9|1 非常に薄いスライス （キューブ）=15	03305|0411|051|073.5|084.5|090.5|15650
62	WS42831	100 グラム	0323000|04330|052600
63	WS23625	1 ステーキ=56|1 サービング=56|1 パッケージ (溶融)=395	03325|0416.5|0533.5|0911.5|1011|110.5|1212|131.85|14235|1568|1671|180.4
64	WS48107	1 カップ|1 の小さなカップ=180|1 大カップ=355	0352|042.6|051.95|066.05|070.3|080.55|090.55|100.85|110.55|129|131.35|1444|15705|1611
65	WS158735	1 カップ|50 グラム	03395|047.3|0515|0667
66	WS41813	0.5 カップ	03205|043.5|0511|0623.5|070.7|0821|096.8|102.95|110.45|12130|130.1|14200|1580|1644|170.6|180.2
67	WS202609		03850
68	WS38700	100 グラム	03310|047.2|059.6|0649.5|072.4|085|091.65|104.9|112.2|12305|136.9|14145|15730|1615
69	WS151611		0318|040.35
70	WS24689	1 大カップ=355|1 カップ|1 の小さなカップ=180	0316|042|050.55|060.4|080.3|090.15|100.25|110.1|124|130.2|1486|15305
71	WS41814	1 ミディアム=185	0379|044|051.65|0612.5|0817.5|090.95|100.4|110.05|12145|130.05|14180|1555|165.15|170.7
72	WS44310	4 個セット=62|1 個=125	03285|0417.5|0518|0616|071.3|080.1|093.15|106|117.5|1219|130.65|14330|15750|1647|180.2
73	WS22547	1 カップ (セクション)=180|1 こ=180	0343|040.95|050.1|0612|072.4|089.35|110.05|1240|130.1|14180|1753
74	WS42044	1 スライス=120|1 ピザ=945	03270|0410.5|0512.5|0629|072.2|083.55|094.25|104.25|111.9|12180|132.25|14150|15445|1614|171.2
75	WS41813	0.5 カップ	03205|043.5|0511|0623.5|070.7|0821|096.8|102.95|110.45|12130|130.1|14200|1580|1644|170.6|180.2
76	WS182717	1 杯 （みじん切り）=89|1 カップ (細切り)=70|1 葉 (細切り)=15|0.5 杯 (千切り)=50|0.5 カップ	0324.5|041.25|050.05|065.4|071.9|082.8|1248|130.15|14195|158|1737.5
77	WS26707	100 グラム	033500
78	WS53531	1 スライス=27|2 の薄いスライス=30|1 カップ=140	03165|0422.5|059|093.1|104.45|111.4|128|131.35|14410|151500|1659|180.8
79	WS22547	1 カップ (セクション)=180|1 こ=180	0343|040.95|050.1|0612|072.4|089.35|110.05|1240|130.1|14180|1753
80	WS174411	100 グラム	0356.5|040.75|050.15|061.25
81	WS147336		03345
82	WS26496	1 大カップ=355|1 の小さなカップ=180|1 カップ	03420|0410.5|0515.5|0663.5|072.3|081.55|097.55|106.55|111.45|1229|134|14180|152050|170.3
83	WS151722		03220
84	WS139919		03635
85	WS151722		03220
86	WS158317	100 グラム	0378
87	WS171516		03660|0433|0548.5|0626
88	WS31087	100 グラム	0347.5|042|050.1|062
89	WS147606		0357.5|044.55|053.65|061.6
90	WS47428	1 ドラムスティック=105|1 太もも=72|1 足の骨=200|1 裏骨=22	03175|0424|057.8|092.1|103.05|111.6|1212|131.1|14270|1599|16130|180.1
91	WS43375	6 媒体=84|1 カップ=250	0351|045.7|051.7|062.7|080.6|090.45|100.25|110.55|1259|134.6|14155|1585|1640
92	WS42972	1 の小さなカップ=180|0.4 大カップ=140|1 カップ	031.05|060.3|1437|153
93	WS44159	1 杯 （みじん切り）=125|1 カップ （スライス）=110	0352|040.25|050.15|0614|072.4|0810.5|090.05|110.05|126|130.1|14105|151|174.6
94	WS30875	0.5 チキン=460|1 胸=290|1 ドラムスティック=135|1 翼=49|1 ナゲット=20|1 カップみじん切り (采の目切り)=140	03230|0426.5|0513.5|093.8|105.35|112.95|1215|131.25|14225|1582|1688
95	WS24689	1 大カップ=355|1 カップ|1 の小さなカップ=180	0316|042|050.55|060.4|080.3|090.15|100.25|110.1|124|130.2|1486|15305
96	WS53531	1 スライス=27|2 の薄いスライス=30|1 カップ=140	03165|0422.5|059|093.1|104.45|111.4|128|131.35|14410|151500|1659|180.8
97	WS44159	1 杯 （みじん切り）=125|1 カップ （スライス）=110	0352|040.25|050.15|0614|072.4|0810.5|090.05|110.05|126|130.1|14105|151|174.6
98	WS155271	1 媒体=44|0.9 ジャンボ=56.5|1 個=66.5|1 大=50|1 の余分な大規模です=56|1 カップ=245	03195|0413.5|0515|060.8|080.4|094.3|106.15|113.25|1262|131.9|14150|15205|16400|182.2
99	WS175245		03260
100	WS23625	1 ステーキ=56|1 サービング=56|1 パッケージ (溶融)=395	03325|0416.5|0533.5|0911.5|1011|110.5|1212|131.85|14235|1568|1671|180.4
101	WS22548	1 媒体=44|1 個=44|1 の余分な大規模です=56|1 大=50|1 カップ|1 ジャンボ=63	03145|0412.5|059.55|060.7|080.35|093.15|103.65|111.9|1256|131.75|14140|15140|16370|182
102	WS24308	200 グラム	0394
103	WS252657		03150|047.85|056.95|0615.5
104	WS219378	100 グラム	03160
105	WS175245		03260
106	WS29725	1 ウェッジ (1/4 媒体トマト）)=31|0.5 缶=200|100 グ=50|1 カップ	0321|040.8|050.3|064.2|071.2|083.15|090.05|100.05|110.15|128.65|130.15|14225|151.9|1717.5
107	WS182717	1 杯 （みじん切り）=89|1 カップ (細切り)=70|1 葉 (細切り)=15|0.5 杯 (千切り)=50|0.5 カップ	0324.5|041.25|050.05|065.4|071.9|082.8|1248|130.15|14195|158|1737.5
108	WS149933		03110|0417|055.35|069.45
109	WS44851	10 ブドウ=49|1 サービング=125|1 カップ=150	0369|040.7|050.15|0618|070.9|0815.5|090.05|110.05|1210|130.35|14190|152|173.2
110	WS41813	0.5 カップ	03205|043.5|0511|0623.5|070.7|0821|096.8|102.95|110.45|12130|130.1|14200|1580|1644|170.6|180.2
111	WS150028		0368|041.6|064
112	WS183788	1 切れ=25	03150|0411|059.2|066.4
113	WS151635		03235
114	WS173903		03225|046.8|058.4|0641.5
115	WS24311	0.5 カップ|300 グラム	0399.5
116	WS216937		0379|041.55|052.75|0612
117	WS49748	1 サービング=250|1 カップ=240	0375|042.2|050.45|0615|070.9|084|090.15|100.1|110.15|1213|130.9|14190|15270|161
118	WS67352	1 媒体=51|1 枚=10|1 大=77	03270|046.2|0516.5|0648.5|071.3|083.5|092.5|106.9|116.2|1249|133.3|14225|15940|161
119	WS144527	1 スライス=25|1 の大スライス （キューブ）=30|1 ダブルブレンド一枚|1 スライス小さな=12|1 カップ (パン粉)=45|1 カップ （キューブ）=35|1 の薄いスライス=20|1 薄いスライス地殻 （キューブ） なし地殻なし=9|1 非常に薄いスライス （キューブ）=15	03305|0411|051|073.5|084.5|090.5|15650
120	WS23009	1 カップ|100 グラム	03160|045.8|050.95|0631|071.8|080.55|090.2|100.15|110.3|127|131.3|1444|151
121	WS45116	4 大=28|1 媒体=6	0371|0413.5|051|060.9|090.1|100.1|110.15|1254|130.2|14115|15565|16125|180.1
122	WS74762	1 カップ （スライス）=150|50 グ=84|1 カップ （マッシュ アップ）=225|1 いち本=90|1 本|1 大一本	0381.5|041.15|050.35|0623|072.65|0812|090.1|100.05|110.05|125.3|130.25|14360|151|178.7
123	WS151722		03220
124	WS29723	1 胸=160|1 い=100|1.9 枚|1 カップみじん切り (采の目切り)=140	03130|0425.5|051.6|091|101.25|110.75|1215|131.05|14255|1574|1685|180.1
125	WS53531	1 スライス=27|2 の薄いスライス=30|1 カップ=140	03165|0422.5|059|093.1|104.45|111.4|128|131.35|14410|151500|1659|180.8
126	WS47225	1 フィレット=165	0370|0412.5|051.95|090.45|100.55|110.35|1221|130.2|14160|15295|1645|182.8
127	WS43374	1 杯	03885|05100|0915.5|1023|1157.5|130.05
128	WS151723	100 グラム	03140
129	WS41814	1 ミディアム=185	0379|044|051.65|0612.5|0817.5|090.95|100.4|110.05|12145|130.05|14180|1555|165.15|170.7
130	WS45116	4 大=28|1 媒体=6	0371|0413.5|051|060.9|090.1|100.1|110.15|1254|130.2|14115|15565|16125|180.1
131	WS42831	100 グラム	0323000|04330|052600
132	WS49748	1 サービング=250|1 カップ=240	0375|042.2|050.45|0615|070.9|084|090.15|100.1|110.15|1213|130.9|14190|15270|161
133	WS239127		0324.5|040.6|051.1
134	WS154569		0375
135	WS47225	1 フィレット=165	0370|0412.5|051.95|090.45|100.55|110.35|1221|130.2|14160|15295|1645|182.8
136	WS52119	1 大規模なチョップ=185|1 小さなチョップ小さなコンテナー=81	03215|0427|0510.5|093.5|104.3|110.75|1218|131.1|14425|1558|1681|170.6|180.7
137	WS149952		03180
138	WS149939	1 媒体=61|1 スライス=3|1 カップ （すりおろし）=110|1 カップ (ストリップまたはスライス)=120|1 培地のストリップ （ストリップまたはスライス）=4|1 杯 （みじん切り）=130	0341|040.95|050.25|069.6|072.8|084.75|090.05|110.1|1233|130.3|14320|1569|175.9
139	WS188770		03385|047.75|055|0682
140	WS196482		031050|0429.5|06300
141	WS44159	1 杯 （みじん切り）=125|1 カップ （スライス）=110	0352|040.25|050.15|0614|072.4|0810.5|090.05|110.05|126|130.1|14105|151|174.6
142	WS220571		03390|0413.5|057.9|0666.5
143	WS230293		033200
144	WS152796		03695|042.05|052.25|0638.5
145	WS24689	1 大カップ=355|1 カップ|1 の小さなカップ=180	0316|042|050.55|060.4|080.3|090.15|100.25|110.1|124|130.2|1486|15305
146	WS234519	0.5 カップ	0323.5|042.9|050.3|063.8|072.4|080.45|090.05|110.1|12135|133.55|14465|1570|179.8
147	WS142187		03365|046.05|0523.5|0634
148	WS26707	100 グラム	033500
149	WS24312		0369.5|053.4
150	WS31087	100 グラム	0347.5|042|050.1|062
151	WS24307	400 グラム	032900
152	WS153699		0395.5|0410|054.95|065.8
153	WS150863		03120
154	WS149933		03110|0417|055.35|069.45
155	WS151635		03235
156	WS172881		03215
157	WS158825		03375
158	WS24309	1 スライス=28|1 カップ （采の目切り）=130|1 カップ (細切り)=115|1 カップ （溶融）=245|1 立方インチ=17|1 パッケージ (溶融)=170	03375|0424|0530.5|061.3|080.5|0921|109.4|110.95|12720|130.7|1498|15620|16105|180.6
159	WS353481	100 グラム	03240
160	WS187183	100 グラム	03350|046.15|0522.5|0648|072.1|0823|099.45|107.25|113.6|12100|132.4|14100|15315|1630|171.2|180.1
161	WS174220		03160|042.5|051.1|0635
162	WS42831	100 グラム	0323000|04330|052600
163	WS258421		0350|044|052|064
164	WS199110		03105|041.9|057|0628
165	WS196482		031050|0429.5|06300
166	WS202608		0343|040.6|069.75
167	WS220571		03390|0413.5|057.9|0666.5
168	WS211797		03315
169	WS187014		03200
170	WS146846	100 グラム	03310|0412|052.2|0663|073.15
171	WS51058	1 スライス=120|1 ピザ=945	03270|0411|0510.5|0633|072.2|083.35|094.25|102.6|112.75|12180|132.5|14170|15595|1617|171.2
172	WS216937		0379|041.55|052.75|0612
173	WS143503		03315|048.2|0511|0652
174	WS22547	1 カップ (セクション)=180|1 こ=180	0343|040.95|050.1|0612|072.4|089.35|110.05|1240|130.1|14180|1753
175	WS38702	1 カップ （スライス）=165|1 カップ|1 カップ （ハーフ）=150|1 カップ (ピューレ)=230|1 サービング=145	0396|040.55|050.15|0626|071.9|0824|110.05|1211|130.6|1498|153|1741.5
176	WS42044	1 スライス=120|1 ピザ=945	03270|0410.5|0512.5|0629|072.2|083.55|094.25|104.25|111.9|12180|132.25|14150|15445|1614|171.2
177	WS220571		03390|0413.5|057.9|0666.5
178	WS241388	100 グラム	03135
179	WS141248	1 パケット=2|1 ティー スプーン=1	03165|0412.5|0512|0667|0765
180	WS139919		03635
181	WS172430		03305|0410|057.6|0633.5
182	WS147336		03345
183	WS154259		0352|040.25|050.15|0614|072.4|0810.5|090.05|110.05|126|130.1|14105|151|174.6
184	WS156191		03230
185	WS155271	1 媒体=44|0.9 ジャンボ=56.5|1 個=66.5|1 大=50|1 の余分な大規模です=56|1 カップ=245	03195|0413.5|0515|060.8|080.4|094.3|106.15|113.25|1262|131.9|14150|15205|16400|182.2
186	WS155165		0350.5
187	WS158317	100 グラム	0378
188	WS153699		0395.5|0410|054.95|065.8
189	WS139919		03635
190	WS144357	1 カップ|1 の小さなカップ=180|1 大カップ=355	0343|042.6|051.45|064.9|070.2|083.65|090.2|100.4|110.85|12125|130.4|14120|1547|181.1
191	WS152938		03115
192	WS159049	1 パンケーキ=40|1 オンス=28.5	03235|045.25|056.85|0638|071|088.3|091.15|101.55|113.85|1278|135.65|1490|15460|1618|170.3
193	WS154622		03275
194	WS154258	1 大さじ1杯=15|1 杯	03380|041.2|0533.5|0620.5|086.4|094.9|109|1118|1214|130.2|149|15710|1626|180.1
195	WS154257	0.5 カップ （みじん切り）=92	0331.5|042.75|050.25|066.25|073.15|081.45|090.05|100.05|110.1|1236.5|130.65|14220|1526|1752.5
196	WS151120		03185
197	WS142187		03365|046.05|0523.5|0634
198	WS149939	1 媒体=61|1 スライス=3|1 カップ （すりおろし）=110|1 カップ (ストリップまたはスライス)=120|1 培地のストリップ （ストリップまたはスライス）=4|1 杯 （みじん切り）=130	0341|040.95|050.25|069.6|072.8|084.75|090.05|110.1|1233|130.3|14320|1569|175.9
199	WS41051		03330|0411.5|0514|0640|074.3|086.1|090.8|100.65|111.6|12140|133.5|14180|15520|170.2
200	WS42831	100 グラム	0323000|04330|052600
201	WS44851	10 ブドウ=49|1 サービング=125|1 カップ=150	0369|040.7|050.15|0618|070.9|0815.5|090.05|110.05|1210|130.35|14190|152|173.2
202	WS44310	4 個セット=62|1 個=125	03285|0417.5|0518|0616|071.3|080.1|093.15|106|117.5|1219|130.65|14330|15750|1647|180.2
203	WS48343	100 グラム	03270
204	WS50183	100 グラム	03320|0410|0574|0654
205	WS153994		0350
206	WS219341		03200
207	WS38702	1 カップ （スライス）=165|1 カップ|1 カップ （ハーフ）=150|1 カップ (ピューレ)=230|1 サービング=145	0396|040.55|050.15|0626|071.9|0824|110.05|1211|130.6|1498|153|1741.5
208	WS24309	1 スライス=28|1 カップ （采の目切り）=130|1 カップ (細切り)=115|1 カップ （溶融）=245|1 立方インチ=17|1 パッケージ (溶融)=170	03375|0424|0530.5|061.3|080.5|0921|109.4|110.95|12720|130.7|1498|15620|16105|180.6
209	WS24307	400 グラム	032900
210	WS203581		03525|0434.5|0657
211	WS202609		03850
212	WS321857		03470
213	WS153407	125 グラム	03325|044.3|0521.5|0638|071.6|0815.5|093.8|104.4|112.2|1211|130.45|1465|15200|173.2
214	WS229617		03750|0430|0510|0615
215	WS29725	1 ウェッジ (1/4 媒体トマト）)=31|0.5 缶=200|100 グ=50|1 カップ	0321|040.8|050.3|064.2|071.2|083.15|090.05|100.05|110.15|128.65|130.15|14225|151.9|1717.5
216	WS226983	1 カップ=235|1 の小さなカップ=180|1 大カップ=355	0345|040.7|050.2|0610.5|070.2|088.4|100.05|110.05|1211|130.2|14200|151|1750
217	WS226643	1.2 杯 （みじん切り）=120|1 サービング=110|1 杯=7.5	0316|040.7|050.15|062.95|071.6|081.85|090.05|100.05|110.1|1240|130.2|14260|1580|173.1
218	WS169769		0350
219	WS168354		0338|068.15
220	WS174411	100 グラム	0356.5|040.75|050.15|061.25
221	WS144534		03230
222	WS230293		033200
223	WS24312		0369.5|053.4
224	WS23627	1 のホットドッグ=45	03305|0411.5|0527.5|061.7|0911|1013.5|112.75|1211|131.15|14165|15820|1650|180.9
225	WS158735	1 カップ|50 グラム	03395|047.3|0515|0667
226	WS159582	100 グラム	03150|045|050.9|0628
227	WS149952		03180
228	WS147336		03345
229	WS152796		03695|042.05|052.25|0638.5
230	WS163882		03390|0423.5|0524.5|0623.5|071.4|083.5|095.75|106.1|113|1235|132.8|14190|15290|1646|170.2|180.1
231	WS187014		03200
232	WS202608		0343|040.6|069.75
233	WS219341		03200
234	WS229617		03750|0430|0510|0615
235	WS29725	1 ウェッジ (1/4 媒体トマト）)=31|0.5 缶=200|100 グ=50|1 カップ	0321|040.8|050.3|064.2|071.2|083.15|090.05|100.05|110.15|128.65|130.15|14225|151.9|1717.5
236	WS172430		03305|0410|057.6|0633.5
237	WS24309	1 スライス=28|1 カップ （采の目切り）=130|1 カップ (細切り)=115|1 カップ （溶融）=245|1 立方インチ=17|1 パッケージ (溶融)=170	03375|0424|0530.5|061.3|080.5|0921|109.4|110.95|12720|130.7|1498|15620|16105|180.6
238	WS158309	1 スポンジ ケーキ=42|1 のカップケーキ=50	03400|043.65|0516|0660.5|073.2|0838|094.9|108.5|111.8|12115|133.6|14175|15330|171.9
239	WS53533	1 スライス=28|1 カップ （采の目切り）=130|1 カップ (細切り)=115|1 カップ （溶融）=245|1 立方インチ=17|1 パッケージ (溶融)=170	03300|0426|0520|063.85|080.6|0911|104.85|110.5|12730|130.25|1495|15650|1654|180.4
240	WS184113	100 グラム|1 カップ=195	03165|042.8|051|0635.5
241	WS256716		03110
242	WS139919		03635
243	WS141248	1 パケット=2|1 ティー スプーン=1	03165|0412.5|0512|0667|0765
244	WS152938		03115
245	WS153407	125 グラム	03325|044.3|0521.5|0638|071.6|0815.5|093.8|104.4|112.2|1211|130.45|1465|15200|173.2
246	WS155271	1 媒体=44|0.9 ジャンボ=56.5|1 個=66.5|1 大=50|1 の余分な大規模です=56|1 カップ=245	03195|0413.5|0515|060.8|080.4|094.3|106.15|113.25|1262|131.9|14150|15205|16400|182.2
247	WS41700	1 媒体ウェッジ (1/8 メロン)=69|1 大きなくさび (1/8 メロン)=100|1 の小さなくさび (1/8 メロン)=55|1 の小さなくさび (1/8 メロン)=55|1 の小さなくさび (1/8 メロン)=55|1 の小さなくさび (1/8 メロン)=55	0330|040.6|050.15|067.55|070.4|086.2|100.05|110.05|127|130.25|14110|151|178.1
248	WS53534	1 媒体スライス=20	03270|048.8|053.5|0650|072.7|080.85|090.85|100.8|111.4|1278|132.95|14110|15615
249	WS24312		0369.5|053.4
250	WS38700	100 グラム	03310|047.2|059.6|0649.5|072.4|085|091.65|104.9|112.2|12305|136.9|14145|15730|1615
251	WS22551	1 スライス=8|4 の薄いスライス=20|1 の厚さのスライス=12|1 の厚さのスライス=12	03540|0437|0542|061.45|0913.5|1018.5|114.55|1211|131.45|14565|151700|16110|181
252	WS183788	1 切れ=25	03150|0411|059.2|066.4
253	WS293910		03480
254	WS184614		03145
255	WS258430		0337|041|050.1|067.1
256	WS196482		031050|0429.5|06300
257	WS220571		03390|0413.5|057.9|0666.5
258	WS214965		03320|0421|0526|061.2
259	WS226643	1.2 杯 （みじん切り）=120|1 サービング=110|1 杯=7.5	0316|040.7|050.15|062.95|071.6|081.85|090.05|100.05|110.1|1240|130.2|14260|1580|173.1
260	WS38702	1 カップ （スライス）=165|1 カップ|1 カップ （ハーフ）=150|1 カップ (ピューレ)=230|1 サービング=145	0396|040.55|050.15|0626|071.9|0824|110.05|1211|130.6|1498|153|1741.5
261	WS48347	300 グラム	03240
262	WS158317	100 グラム	0378
263	WS153420		03265
264	WS175245		03260
265	WS144357	1 カップ|1 の小さなカップ=180|1 大カップ=355	0343|042.6|051.45|064.9|070.2|083.65|090.2|100.4|110.85|12125|130.4|14120|1547|181.1
266	WS155271	1 媒体=44|0.9 ジャンボ=56.5|1 個=66.5|1 大=50|1 の余分な大規模です=56|1 カップ=245	03195|0413.5|0515|060.8|080.4|094.3|106.15|113.25|1262|131.9|14150|15205|16400|182.2
267	WS53532	1 スライス=28|1 カップ （采の目切り）=130|1 カップ (細切り)=115|1 カップ （溶融）=245|1 立方インチ=17|1 パッケージ (溶融)=170	03390|0432|0527.5|063.1|080.75|0917|107.9|110.95|12930|130.7|14130|151200|1678.5|180.5
268	WS42605	1 サービング=48	03340|0419.5|0528.5|099.15|1012.5|113.75|1213|131.35|14295|15895|1684|170.7|180.7
269	WS43672	100 グラム	03265
270	WS48347	300 グラム	03240
271	WS159583		03135|042|054.6|065.7
272	WS41051		03330|0411.5|0514|0640|074.3|086.1|090.8|100.65|111.6|12140|133.5|14180|15520|170.2
273	WS203581		03525|0434.5|0657
274	WS215552		03160|0414.5|0510.5|060.45
275	WS214965		03320|0421|0526|061.2
276	WS304620		03220|0415|0512.5|063.4
277	WS258430		0337|041|050.1|067.1
278	WS53532	1 スライス=28|1 カップ （采の目切り）=130|1 カップ (細切り)=115|1 カップ （溶融）=245|1 立方インチ=17|1 パッケージ (溶融)=170	03390|0432|0527.5|063.1|080.75|0917|107.9|110.95|12930|130.7|14130|151200|1678.5|180.5
279	WS234519	0.5 カップ	0323.5|042.9|050.3|063.8|072.4|080.45|090.05|110.1|12135|133.55|14465|1570|179.8
280	WS214740		03510
281	WS155165		0350.5
282	WS154622		03275
283	WS154257	0.5 カップ （みじん切り）=92	0331.5|042.75|050.25|066.25|073.15|081.45|090.05|100.05|110.1|1236.5|130.65|14220|1526|1752.5
284	WS153994		0350
285	WS153708		03270|042.6|050.4|0621.5
286	WS153596		0350
287	WS153593		0320
288	WS169224		03180
289	WS168354		0338|068.15
290	WS141248	1 パケット=2|1 ティー スプーン=1	03165|0412.5|0512|0667|0765
291	WS144527	1 スライス=25|1 の大スライス （キューブ）=30|1 ダブルブレンド一枚|1 スライス小さな=12|1 カップ (パン粉)=45|1 カップ （キューブ）=35|1 の薄いスライス=20|1 薄いスライス地殻 （キューブ） なし地殻なし=9|1 非常に薄いスライス （キューブ）=15	03305|0411|051|073.5|084.5|090.5|15650
292	WS144357	1 カップ|1 の小さなカップ=180|1 大カップ=355	0343|042.6|051.45|064.9|070.2|083.65|090.2|100.4|110.85|12125|130.4|14120|1547|181.1
293	WS258421		0350|044|052|064
294	WS159050		03235
295	WS48343	100 グラム	03270
296	WS321857		03470
297	WS184614		03145
298	WS188771		03170
299	WS182717	1 杯 （みじん切り）=89|1 カップ (細切り)=70|1 葉 (細切り)=15|0.5 杯 (千切り)=50|0.5 カップ	0324.5|041.25|050.05|065.4|071.9|082.8|1248|130.15|14195|158|1737.5
300	WS239127		0324.5|040.6|051.1
301	WS234519	0.5 カップ	0323.5|042.9|050.3|063.8|072.4|080.45|090.05|110.1|12135|133.55|14465|1570|179.8
302	WS252657		03150|047.85|056.95|0615.5
303	WS216937		0379|041.55|052.75|0612
304	WS149952		03180
305	WS153995	1 大=180|1 カップ=200|1 カップ （マッシュ アップ）=330	0390|042|050.15|0620.5|073.3|086.5|090.05|110.05|1238|130.7|14475|1536|1719.5
306	WS151722		03220
307	WS53533	1 スライス=28|1 カップ （采の目切り）=130|1 カップ (細切り)=115|1 カップ （溶融）=245|1 立方インチ=17|1 パッケージ (溶融)=170	03300|0426|0520|063.85|080.6|0911|104.85|110.5|12730|130.25|1495|15650|1654|180.4
308	WS159583		03135|042|054.6|065.7
309	WS188771		03170
310	WS158825		03375
311	WS158735	1 カップ|50 グラム	03395|047.3|0515|0667
312	WS147336		03345
313	WS144534		03230
314	WS144357	1 カップ|1 の小さなカップ=180|1 大カップ=355	0343|042.6|051.45|064.9|070.2|083.65|090.2|100.4|110.85|12125|130.4|14120|1547|181.1
315	WS24307	400 グラム	032900
316	WS29725	1 ウェッジ (1/4 媒体トマト）)=31|0.5 缶=200|100 グ=50|1 カップ	0321|040.8|050.3|064.2|071.2|083.15|090.05|100.05|110.15|128.65|130.15|14225|151.9|1717.5
317	WS26707	100 グラム	033500
318	WS26496	1 大カップ=355|1 の小さなカップ=180|1 カップ	03420|0410.5|0515.5|0663.5|072.3|081.55|097.55|106.55|111.45|1229|134|14180|152050|170.3
319	WS256716		03110
320	WS215552		03160|0414.5|0510.5|060.45
321	WS43672	100 グラム	03265
322	WS150863		03120
323	WS23009	1 カップ|100 グラム	03160|045.8|050.95|0631|071.8|080.55|090.2|100.15|110.3|127|131.3|1444|151
324	WS172881		03215
325	WS22547	1 カップ (セクション)=180|1 こ=180	0343|040.95|050.1|0612|072.4|089.35|110.05|1240|130.1|14180|1753
326	WS24308	200 グラム	0394
327	WS203581		03525|0434.5|0657
328	WS188771		03170
329	WS187183	100 グラム	03350|046.15|0522.5|0648|072.1|0823|099.45|107.25|113.6|12100|132.4|14100|15315|1630|171.2|180.1
330	WS252657		03150|047.85|056.95|0615.5
331	WS258421		0350|044|052|064
332	WS234519	0.5 カップ	0323.5|042.9|050.3|063.8|072.4|080.45|090.05|110.1|12135|133.55|14465|1570|179.8
333	WS229617		03750|0430|0510|0615
334	WS29723	1 胸=160|1 い=100|1.9 枚|1 カップみじん切り (采の目切り)=140	03130|0425.5|051.6|091|101.25|110.75|1215|131.05|14255|1574|1685|180.1
335	WS30875	0.5 チキン=460|1 胸=290|1 ドラムスティック=135|1 翼=49|1 ナゲット=20|1 カップみじん切り (采の目切り)=140	03230|0426.5|0513.5|093.8|105.35|112.95|1215|131.25|14225|1582|1688
336	WS29723	1 胸=160|1 い=100|1.9 枚|1 カップみじん切り (采の目切り)=140	03130|0425.5|051.6|091|101.25|110.75|1215|131.05|14255|1574|1685|180.1
337	WS24308	200 グラム	0394
338	WS43672	100 グラム	03265
339	WS23627	1 のホットドッグ=45	03305|0411.5|0527.5|061.7|0911|1013.5|112.75|1211|131.15|14165|15820|1650|180.9
340	WS34173	100 グラム	03485
341	WS163882		03390|0423.5|0524.5|0623.5|071.4|083.5|095.75|106.1|113|1235|132.8|14190|15290|1646|170.2|180.1
342	WS171516		03660|0433|0548.5|0626
343	WS169224		03180
344	WS187183	100 グラム	03350|046.15|0522.5|0648|072.1|0823|099.45|107.25|113.6|12100|132.4|14100|15315|1630|171.2|180.1
345	WS184113	100 グラム|1 カップ=195	03165|042.8|051|0635.5
346	WS153420		03265
347	WS153593		0320
348	WS153596		0350
349	WS153708		03270|042.6|050.4|0621.5
350	WS153995	1 大=180|1 カップ=200|1 カップ （マッシュ アップ）=330	0390|042|050.15|0620.5|073.3|086.5|090.05|110.05|1238|130.7|14475|1536|1719.5
351	WS31087	100 グラム	0347.5|042|050.1|062
352	WS153708		03270|042.6|050.4|0621.5
353	WS154259		0352|040.25|050.15|0614|072.4|0810.5|090.05|110.05|126|130.1|14105|151|174.6
354	WS45116	4 大=28|1 媒体=6	0371|0413.5|051|060.9|090.1|100.1|110.15|1254|130.2|14115|15565|16125|180.1
355	WS44310	4 個セット=62|1 個=125	03285|0417.5|0518|0616|071.3|080.1|093.15|106|117.5|1219|130.65|14330|15750|1647|180.2
356	WS52119	1 大規模なチョップ=185|1 小さなチョップ小さなコンテナー=81	03215|0427|0510.5|093.5|104.3|110.75|1218|131.1|14425|1558|1681|170.6|180.7
357	WS53534	1 媒体スライス=20	03270|048.8|053.5|0650|072.7|080.85|090.85|100.8|111.4|1278|132.95|14110|15615
358	WS159050		03235
359	WS158825		03375
360	WS239127		0324.5|040.6|051.1
361	WS158317	100 グラム	0378
362	WS150028		0368|041.6|064
363	WS150863		03120
364	WS151635		03235
365	WS22551	1 スライス=8|4 の薄いスライス=20|1 の厚さのスライス=12|1 の厚さのスライス=12	03540|0437|0542|061.45|0913.5|1018.5|114.55|1211|131.45|14565|151700|16110|181
366	WS153699		0395.5|0410|054.95|065.8
367	WS34173	100 グラム	03485
368	WS154258	1 大さじ1杯=15|1 杯	03380|041.2|0533.5|0620.5|086.4|094.9|109|1118|1214|130.2|149|15710|1626|180.1
369	WS152796		03695|042.05|052.25|0638.5
370	WS159583		03135|042|054.6|065.7
371	WS163882		03390|0423.5|0524.5|0623.5|071.4|083.5|095.75|106.1|113|1235|132.8|14190|15290|1646|170.2|180.1
372	WS169769		0350
373	WS173903		03225|046.8|058.4|0641.5
374	WS353481	100 グラム	03240
375	WS241388	100 グラム	03135
376	WS47225	1 フィレット=165	0370|0412.5|051.95|090.45|100.55|110.35|1221|130.2|14160|15295|1645|182.8
377	WS48343	100 グラム	03270
378	WS34173	100 グラム	03485
379	WS41813	0.5 カップ	03205|043.5|0511|0623.5|070.7|0821|096.8|102.95|110.45|12130|130.1|14200|1580|1644|170.6|180.2
380	WS153407	125 グラム	03325|044.3|0521.5|0638|071.6|0815.5|093.8|104.4|112.2|1211|130.45|1465|15200|173.2
381	:SD1001011	1 ガラス=150g	0369.2|040.2|060.3|080.29|128|130.9|14115|155
382	U13317	1 のハンバーガー=313g	03295|0423.05|0521.83|060|070|080|098.805|109.358|110.656|1211|132.42|14305|1577|1684|170|180.2
383	U13317	1 のハンバーガー=313g	03295|0423.05|0521.83|060|070|080|098.805|109.358|110.656|1211|132.42|14305|1577|1684|170|180.2
384	:U21299	1 スライス=118g|1 ピザ=946g	03266|0411.39|059.69|0633.33|072.3|083.58|12188|132.48|14172|15598|171.4|094.465|102.608|111.681|1617
385	:U21299	1 スライス=118g|1 ピザ=946g	03266|0411.39|059.69|0633.33|072.3|083.58|12188|132.48|14172|15598|171.4|094.465|102.608|111.681|1617
386	U09181	1 媒体ウェッジ (1/8 メロン)=69g|1 大きなくさび (1/8 メロン)=102g|1 の小さなくさび (1/8 メロン)=55g|1 の小さなくさび (1/8 メロン)=55g|1 の小さなくさび (1/8 メロン)=55g|1 の小さなくさび (1/8 メロン)=55g	0334|040.84|050.19|068.16|070.9|087.86|090.051|100.003|110.081|129|130.21|14267|1516|160|1736.7|180
387	U09176	1 マンゴー=336g|1 カップ （個）=165g	0360|040.82|050.38|0614.98|071.6|0813.66|090.092|100.14|110.071|1211|130.16|14168|151|160|1736.4|180
388	:SD1001011	1 ガラス=150g	0369.2|040.2|060.3|080.29|128|130.9|14115|155
389	U10220	1 サービング=125g	03297|0425.69|0520.77|060|070|080|097.72|109.25|111.87|1222|131.29|14362|1573|1694|170.7|180.5
390	:U11282	1 大=150g|1 杯 （みじん切り）=160g|1 カップ （スライス）=115g|1 大さじ （みじん切り）=10g|1 媒体スライス=14g|1 の薄いスライス=9g|10 リング=60g	0340|041.1|050.1|069.34|071.7|084.24|1223|130.21|14146|154|177.4|090.042|100.013|110.017
391	U13893	1 ピース=326g	03204|0430.67|059|060|070|080|093.415|103.837|110.367|127|132.53|14252|1541|1690|170|180.1
392	U16389	0 1/8 カップ=18g|32 ピーナッツ=28g	03599|0428.03|0552.5|0615.26|079.4|084.18|098.686|1025.976|1115.292|1261|131.52|14726|156|160|170.8|180
393	U06008	1 カップ=237g|1 の小さなカップ=178g|1 大カップ=356g	037|041.14|050.22|060.04|070|080|090.11|100.09|110.01|126|130.17|1454|15372|160|170|180
394	U25001	1 袋=28g|1 カップ=11g	03424|0412.6|059.5|0672|0714.2|080.92|091.415|104.085|113.572|1211|132.28|14241|15884|160|170|180
395	U15083	0.5 のフィレ=159g	03127|0420.5|054.4|060|070|080|090.81|101.348|110.811|127|130.38|14366|1575|1646|170|1810.9
396	U25001	1 袋=28g|1 カップ=11g	03424|0412.6|059.5|0672|0714.2|080.92|091.415|104.085|113.572|1211|132.28|14241|15884|160|170|180
397	U10089	1 作品 （調理）=177g	03397|0429.06|0530.3|060|070|080|0911.12|1013.48|112.73|1247|131.85|14320|1593|16121|170|182.6
398	U15140	0 1/4 カップ=27g|1 カップ （フレークし、個セット）=118g|1 カップは （ない詰め）=135g|3 オンス （ないパック）=85g	0383|0417.88|050.74|060|070|080|090.201|100.129|110.258|1291|130.5|14259|15395|1697|173.3|180
399	U08017	1 サービング=28g	03380|045.2|054.4|0684.5|075.1|0834.8|090.8|101.4|111.7|12385|1317.3|14231|15457|160|1723.1|183.8
400	U18229	5 ラウンド クラッカー=16g|1 広場=3g|1 大規模なクラッカー=10g|1 長方形正規の=4g|1 サンドイッチ クラッカー=7g	03504|046.6|0525.83|0661.37|072.1|087.45|095.4|106.652|1112.597|1295|133.81|14111|15748|160|170|180
401	U14462	1 カップ=237g|1 にすることができます。=356g|12 オンス=356g|16 液量オンス=475g|1 の小さなカップ=178g	035|040|050|061.22|070|081.22|090|100|110|121|130.03|1416|1513|160|178.8|180
402	:LT047	1 カップ=254g	0369.09|044.77|050.53|0616.91|075.6
403	U09181	1 媒体ウェッジ (1/8 メロン)=69g|1 大きなくさび (1/8 メロン)=102g|1 の小さなくさび (1/8 メロン)=55g|1 の小さなくさび (1/8 メロン)=55g|1 の小さなくさび (1/8 メロン)=55g|1 の小さなくさび (1/8 メロン)=55g	0334|040.84|050.19|068.16|070.9|087.86|090.051|100.003|110.081|129|130.21|14267|1516|160|1736.7|180
404	U09176	1 マンゴー=336g|1 カップ （個）=165g	0360|040.82|050.38|0614.98|071.6|0813.66|090.092|100.14|110.071|1211|130.16|14168|151|160|1736.4|180
405	:U08122	0.333 カップ=27g|1 カップ=81g	03362|0411.92|056.9|0669.52|0710|081.5|12351|1324.72|14366|15220|091.346|102.325|112.533
406	:U11124	1 媒体=61g|1 スライス=3g|1 カップ （すりおろし）=110g|1 カップ (ストリップまたはスライス)=122g|1 培地のストリップ （ストリップまたはスライス）=4g|1 杯 （みじん切り）=128g	0341|040.93|050.24|069.58|072.8|084.74|1233|130.3|14320|1569|175.9|090.037|100.014|110.117
407	:U08120	0.333 カップ=27g|1 カップ=81g	03379|0413.15|056.52|0667.7|0710.1|080.99|1252|134.25|14362|156|091.11|101.98|112.3
408	:LA071	1 カップ=158g	03104.15|042.05|050.63|0623.54|070.97
409	:SI1001128	1 大さじ=13.6g|1 小さじ=4.5g|1 カップ=218g	03899.1|0599.9|121|130.1|151|0913|1066.6|118
410	:U08020	1 カップ=28g	03357|047.5|050.4|0684.1|073.3|089.5|127|1328.9|14168|15729|183.6|1721|090.116|100.067|110.196
411	WS249081		03225|043.7|050.75|0650.5
412	WS413126		03200
413	WS282861		03330|0682.5
414	WS436361		03110|0422|052
415	WS263447	1 媒体=44|1 個=60|1 媒=44|1 大=50|1 の余分な大規模です=56|1 ジャンボ=63|1 杯 （みじん切り）=135|1 杯=8.5	03155|0412.5|0510.5|061.1|081.1|093.25|104.1|111.4|1250|131.2|14125|15125|16375|182.2
416	WS417317		03480|0434|0524|0634
417	WS463586		03140|0422.5|054.6|060.5
418	WS444124		0348|043.4|051.5|065.1
419	WS435977		03885|0467.5|0555.5|0628.5
420	WS194405		0351|040.95|0611
421	WS173905		03320|0413.5|0528.5|062.95
422	WS421839	100 グラム	03200|0413.5|051|0617.5
423	WS402481		0371.5|042.7|051.75|0610
424	WS417325		03205|0418|0512
425	WS153378		03325|0415.5|0527.5|062.15
426	WS227397		0385|043.25|053.65|069.7
427	WS452516		0344|041.8|050.2|0610
428	WS461955		0337.5|046.8|050.6|061.25
429	WS368039		03100|0417|0512|060.1
430	WS379732	1 回=100|0.5 カップ （みじん切り）	0327.5|043.05|050.2|064.25|073|081.45|110.05|1251|130.6|14180|1524|1740
431	WS254760		03160|049|057|0615
432	WS310014		03115|0428.5|050.5|060.1
433	WS383818		03130
434	WS220351		03165|0412|057.65|0619
435	WS176001	100 グラム	03375
436	WS431389		03145
437	WS436365		03225|0417|0513|0610
438	WS272184		03330|0683
439	WS492313		03245|0412|0516|0612
440	WS435968		0393|043.6|053.55|0611
441	WS171616	1 個=140|1 アボカド=200|1 カップ (ピューレ)=230|1 カップ （キューブ）=150|1 カップ （スライス）=145	03185|042.35|0518.5|066.05|076.7|080.65|092.15|109.8|111.8|1212|130.55|14485|157|1710
442	WS377718		03250|0417.5|0519|060.1
443	WS411334		03295|0421|0558.5|068.5
444	WS453355		0340.5|042.45|050.65|066.25
445	WS222336		03295|048.6|0511|0635.5|079.15|090.6|100.8|111.25|1245.5|132.2|14230|15445|160.7
446	WS464335		03135|0410.5|057.7|062.8
447	WS402483		03105
448	WS461950		03215|0416.5|059.4|0616
449	WS361352		0312|040.6|050.1|061.7
450	WS417321		03255|0417|0519|060.1
451	WS247553		0321|040.9|064.5
452	WS442847		03160|0416.5|059.7|060.2
453	WS462041		03560|049.85|0542|0634
454	WS437002		0322|042.7|050.2|068
455	WS287649		03110
456	WS307203		03250
457	WS397124		0336.5
458	WS480493		03700|041.55|0575|064.5
459	WS374607		03220
460	WS410005	20.8 グラム|1 杯=14|1 小さじ 1 杯=4|1 カップ=225	03720|0580|061
461	WS375398		03115|0417.5|054.4|060.1
462	WS173120		03200
463	WS361422		03285|045.8|053.85|0654
464	WS397120	1 カップ|1 の小さなカップ=180|1 大カップ=355	0329|040.05|067.45|082.1|123|130.05|1419|1521|1732.5
465	WS257848		03220
466	WS171306		0370|046|055|060.5
467	WS463417		0361.5|045.2|053.75|061.55
468	WS172105		03445|0646.5
469	WS472266		03345|048.65|0533|062.9
470	WS287652		03250
471	WS146504		03125
472	WS375945		03315|048.5|0523.5|0644
473	WS172099		03265
474	WS214804		0354|041|0611
475	WS365586		0314|040.1|050.1|063
476	WS374350		0329500
477	WS307202		03300
478	WS427184		03110
479	WS169226		0320
480	WS170434	1 杯|1 の小型パッケージ=85|1 ホイップ クリーム大さじ=10|1 オンス=28.5|1 立方インチ=16	03340|045.95|0534|064.05|083.2|0919.5|108.6|111.45|1298|130.4|14140|15320|16110|180.6
481	WS41359	400 グラム	03235
482	WS408019	1 スライス=7|1 媒体=200|1 杯 （みじん切り）=135|1 カップ （スライス）=120	0312|040.6|050.15|062.15|070.7|081.4|1214|130.2|14135|152|173.2
483	WS491504	1 半分|100 グラム|1 媒体=180|1 大=230|1 カップ （スライス）=140|1 カップ （キューブ）=160|1 サービング=165	0344|040.3|050.1|0611.5
484	WS411629	100 グラム	03100
485	WS430059	100 グラム	03240
486	WS411908		03415
487	WS147340		03275
488	WS412742	2 杯|8.3 グラム	03305|040.3|0682.5|070.2|0882|126|130.4|1452|154|170.5
489	WS260180		03135|0419|052.3|069.9
490	WS463272		03525|044.1|0526|0662.5
491	WS440106	1 パケット=14|1 サービング	03305|040.15|0670|071|0851|127|130.2|1454|1530|170.9
492	WS366846		03500
493	WS173904	100 グラム|1 カップ=195|1 杯=12	03340|0421.5|051.4|0662.5|0715.5|082.1|090.35|100.1|110.6|12125|135|141500|155
494	WS353935		03570
495	WS443304		03400
496	WS173135		0337
497	WS369200		03200
498	WS408028		03260|0414|0515|069.65
499	WS220374		03380|046.15|0517.5|0648.5
500	WS457156		0398
501	WS225550		03335|0429|0519|0610.5
502	WS435396		03150|041.2|0514.5|064.7
503	WS158323		03360
504	WS510673	4 スライス=20|1 カップ （采の目切り）=130|1 カップ (細切り)=115|1 カップ （溶融）=245|1 立方インチ=17|1 パッケージ (溶融)=170	03380|0427|0528|065.4|081.3|0918|107.25|110.95|12790|130.2|1477|15190|1692|180.5
505	WS465262		03185|0414|057.4|0615
506	WS239125		03500
507	WS417502	100 グラム	03200
508	WS453098	50 果実=68|1 カップ=150	0357|040.75|050.35|0614.5|072.4|089.95|090.05|100.05|110.15|126|130.3|1477|151|179.7
509	WS152939		0375
510	WS493466		03110|0627.5
511	WS323314		03310|0428|058.2|0631
512	WS178888		03490
513	WS353362		03380
514	WS383463	100 グラム	03225
515	WS385368		03275|0414|0523|060.65
516	WS173125	1 カップ|1 の小さなカップ=180|1 大カップ=355	0361|043.25|052|067.45|070.3|082.8|091.1|100.25|110.5|1270|131.2|14180|15275|167|172.1|180.6
517	WS421087		038
518	WS219428		03295|0416.5|0524
519	WS477582		03535|0450.5|0545.5|061.8
520	WS424800		03140
521	WS144849	100 グラム	0395
522	WS480541		03280
523	WS318817		03145|0412.5|059.5|060.7|080.35|093.15|103.65|111.9|1256|131.75|14140|15140|16370|182
524	WS430476		03340|049.6|051.3|0672
525	WS413938		03135|0411|052.1|0616
526	WS509889	1 サービング=57	03370|0412.5|055.1|0675|079.9|0816.5|090.9|101.55|112.05|12190|1330|14440|15365|1711.5
527	WS180540	100 グラム	03145|045|0511.5|065.7
528	WS281846	10 のミニチュア=7|1 カップ （ミニチュア）=50	03320|041.8|050.2|0681.5|070.1|0857.5|090.05|100.1|110.05|123|130.25|145|1580
529	WS418506	100 グラム	0390
530	WS473078		03245|0410.5|053.05|0637|079.15|090.6|100.8|111.25|1245.5|132.2|14230|15445|160.7
531	WS476369		0339
532	WS297185		03165|0466.5|0516.5
533	WS428903		0337.5
534	WS169768		03250
535	WS221843		034.3|040.55|051.5|066.8
536	WS495811		03185
537	WS415948	1 カップ=235|1 の小さなカップ=180|1 大カップ=355	0317|040.75|050.05|064.25|070.4|083.55|1210|130.45|14230|15270|1718.5
538	U01011	1 スライス=28g|1 カップ （采の目切り）=132g|1 カップ (細切り)=113g|1 カップ （溶融）=244g|1 立方インチ=17g|1 パッケージ (溶融)=170g	03394|0423.76|0532.11|062.57|070|080.52|0920.218|109.28|110.953|12685|130.76|14127|15604|1695|170|180.6
539	U01025	1 スライス=28g|1 カップ （采の目切り）=132g|1 カップ (細切り)=113g|1 カップ （溶融）=244g|1 立方インチ=17g|1 パッケージ (溶融)=170g	03373|0424.48|0530.28|060.68|070|080.5|0919.066|108.751|110.899|12746|130.72|1481|15536|1689|170|180.6
540	U01028	1 スライス=28g|1 カップ （采の目切り）=132g|1 カップ (細切り)=113g|1 カップ （溶融）=244g|1 立方インチ=17g|1 パッケージ (溶融)=170g	03254|0424.26|0515.92|062.77|070|081.13|0910.114|104.51|110.472|12782|130.22|1484|15619|1664|170|180.3
541	U01001	1 杯=14g|1 小さじ 1 杯=4g|1 カップ=227g	03717|040.85|0581.11|060.06|070|080.06|0951.368|1021.021|113.043|1224|130.02|1424|15714|16215|170|181.5
542	U01002	1 杯=14g|1 小さじ 1 杯=4g|1 カップ=227g	03717|040.85|0581.11|060.06|070|080.06|0950.489|1023.426|113.012|1224|130.16|1426|15827|16219|170|181.5
543	U01003	1 杯=14g|1 小さじ 1 杯=4g|1 カップ=227g	03876|040.28|0599.48|060|070|080|0961.924|1028.732|113.694|124|130|145|152|16256|170|181.8
544	U01042	1 スライス=28g|1 カップ （采の目切り）=132g|1 カップ (細切り)=113g|1 カップ （溶融）=244g|1 立方インチ=17g|1 パッケージ (溶融)=170g	03366|0418.13|0530.71|064.78|070|082.26|0918.057|108.236|111.286|121045|130.63|14132|151671|16100|170|187.5
545	U01049	1 大さじ=15g|1 個々 のコンテナー=15g|1 カップ=242g	03130|042.96|0511.5|064.3|070|080.16|097.158|103.321|110.427|12105|130.07|14130|1541|1637|170.9|180.2
546	U01053	0 1/4 カップ=30g|1 カップ （ホイップ クリーム）=120g|1 カップ (液体)=238g|1 大さじ=15g	03345|042.05|0537|062.79|070|080.11|0923.032|1010.686|111.374|1265|130.03|1475|1538|16137|170.6|180.7
547	U01102	1 カップ=237g|1 の小さなカップ=178g|1 大カップ=356g	0383|043.17|053.39|0610.34|070.8|089.54|092.104|100.99|110.124|12112|130.24|14167|1560|1612|170.9|181.3
548	U01103	1 カップ=237g|1 の小さなカップ=178g|1 大カップ=356g	0376|042.99|051.9|0612.13|070.7|089.55|091.177|100.455|110.089|12109|130.24|14169|1566|168|170|181.2
549	U01104	1 カップ=237g|1 の小さなカップ=178g|1 大カップ=356g	0371|043.24|051|0612.6|070.5|089.94|090.616|100.3|110.035|12116|130.27|14170|1561|163|170.9|181.1
550	U01085	1 カップ=237g|1 の小さなカップ=178g|1 大カップ=356g	0334|043.37|050.08|064.96|070|085.09|090.056|100.022|110.003|12122|130.03|14156|1542|162|170|181.2
551	U01069	1 大さじ=15g|1 パケット=3g|1 小さじ=2g|1 カップ=94g	03545|044.79|0535.48|0654.88|070|0854.88|0932.525|100.968|110.014|1222|131.15|14812|15181|160|170|180
552	U01077	1 カップ=237g|1 の小さなカップ=178g|1 大カップ=356g	0361|043.15|053.25|064.8|070|085.05|091.865|100.812|110.195|12113|130.03|14132|1543|1610|170|181.3
553	U01079	1 カップ=237g|1 の小さなカップ=178g|1 大カップ=356g	0350|043.3|051.98|064.8|070|085.06|091.257|100.56|110.073|12120|130.02|14140|1547|168|170.2|181.2
554	U01145	1 杯=14g|1 小さじ 1 杯=4g|1 カップ=227g	03717|040.85|0581.11|060.06|070|080.06|0951.368|1021.021|113.043|1224|130.02|1424|1511|16215|170|181.5
555	U01132	1 媒体=44g|1 大=50g|1 の余分な大規模です=56g|1 ジャンボ=63g|1 杯 （みじん切り）=136g|1 大さじ=8.5g	03149|049.99|0510.98|061.61|070|081.39|093.331|104.441|112.429|1266|131.31|14132|15145|16277|170|181.8
556	U09444	1 カップ=237g|1 の小さなカップ=178g|1 大カップ=356g	0352|040.17|050.12|0612.96|070.2|089.95|090.021|100.005|110.04|1272|130.14|1489|155|160|1750.7|180
557	U09130	1 カップ=237g|1 の小さなカップ=178g|1 大カップ=356g	0360|040.37|050.13|0614.77|070.2|0814.2|090.025|100.003|110.022|1211|130.25|14104|155|160|1725|180
558	U09211	1 カップ=237g|1 の小さなカップ=178g|1 大カップ=356g	0347|040.68|050.12|0611.27|070.3|088.31|090.014|100.022|110.03|12140|130.13|14178|152|160|1733.6|180
559	U09214	1 カップ=237g|1 の小さなカップ=178g|1 大カップ=356g	03159|042.39|050.21|0638.17|070.8|0837.37|090.024|100.038|110.041|1232|130.35|14674|153|160|17137.9|180
560	U09298	1 小さなボックス=43g|1 パック杯=165g|1 カップは （ない詰め）=145g|1 ミニチュア ボックス （ないパック）=14g|50 レーズン （ないパック）=26g|1 オンス （60 レーズン）=28.35g	03299|043.07|050.46|0679.18|073.7|0859.19|090.058|100.051|110.037|1250|131.88|14749|1511|160|172.3|180
561	U09316	1 カップ （スライス）=166g|1 カップ （ハーフ）=152g|1 カップ (ピューレ)=232g|1 カップ=144g|1 サービング=147g	0332|040.67|050.3|067.68|072|084.89|090.015|100.043|110.155|1216|130.41|14153|151|160|1758.8|180
562	U10900	1 スライス=27g|1 の薄いスライス=15g|1 カップ=140g	03112|0419.38|053.43|060.95|070|081.02|091.005|101.372|110.428|126|130.87|14346|151096|1653|170|180.6
563	U10905	1 スライス=27g|1 の薄いスライス=15g|1 カップ=140g	03117|0414.05|054.99|064|070|084.21|091.489|102.098|110.66|128|130.78|14267|151308|1643|170|180.6
564	U10909	1 スライス=27g|1 の薄いスライス=15g|1 カップ=140g	03121|0417.06|055.38|061.2|070|081.42|091.889|102.571|110.759|128|130.85|14312|151126|1650|170|180.6
565	U09016	1 カップ=237g|1 の小さなカップ=178g|1 大カップ=356g	0346|040.1|050.13|0611.3|070.2|089.62|090.022|100.006|110.039|128|130.12|14101|154|160|170.9|180
566	U07079	1 スライス=27g|1 の薄いスライス=15g|1 カップ=140g	03104|0417.07|051.66|064.21|070.5|083.51|090.333|100.494|110.312|128|131.44|14302|15928|1643|175.7|180.1
567	U06043	1 カップ=237g|1 の小さなカップ=178g|1 大カップ=356g	0379|041.35|055.3|066.8|070.7|080.4|090.964|101.219|112.901|1212|130.18|1464|15691|160|170|180.2
568	U06116	1 大さじ=14.9g|1 小さじ=5g|1 カップ=239g	0353|043.75|052.36|064.81|070.4|080.21|091.153|100.962|110.08|126|130.7|1481|15560|163|170|180
569	U06150	1 大さじ=17g|0.5 カップ=143g|1 カップ=279g	03172|040.82|050.63|0640.77|070.9|0833.24|090.045|100.082|110.101|1233|130.64|14232|151027|160|170.6|180
570	U06164	2 大さじ=36g|0.5 カップ=130g|1 カップ=259g	0329|041.54|050.17|066.72|071.8|083.94|090.03|100.025|110.115|1230|130.4|14285|15705|160|171.9|180
571	U06170	1 カップ=237g|1 の小さなカップ=178g|1 大カップ=356g	0313|041.97|050.09|061.2|070|080.54|090.035|100.043|110.005|128|130.27|14185|15198|160|170|180
572	U06172	1 カップ=237g|1 の小さなカップ=178g|1 大カップ=356g	0336|042.52|051.2|063.53|070|081.58|090.321|100.582|110.213|123|130.21|14105|15143|163|170.2|180
573	U07008	1 スライス=27g|1 の薄いスライス=15g|1 カップ=140g	03308|0415.2|0524.59|065.49|070|084.42|099.301|1010.526|111.12|1285|131.21|14315|15960|1660|170.8|180.8
574	U07017	1 スライス=27g|1 の薄いスライス=15g|1 カップ=140g	03110|0416.64|052.73|064.66|070|080.57|090.621|100.89|110.374|1216|130.41|14439|151059|1645|170|180
575	U07082	1 スライス=27g|1 の薄いスライス=15g|1 カップ=140g	03149|0418.14|056.99|062.12|070|080|092.04|102.3|111.78|1232|131.35|14270|15477|1655|170|180.2
576	U04114	1 大さじ=14.9g|1 小さじ=5g|1 カップ=239g	03240|040.41|0521.12|0612.12|070|0810.77|092.948|105.638|1110.748|1213|130.26|1484|15993|160|170.4|180
577	U04120	1 大さじ=14.9g|1 小さじ=5g|1 カップ=239g	03457|040.77|0544.81|0615.58|070|0815.95|095.648|108.433|1121.029|1224|130.8|1467|15836|160|173.6|180
578	U04128	1 杯=14g|1 小さじ 1 杯=4g|1 カップ=227g	03339|040.51|0537.77|060.66|070|080|098.637|1013.958|1112.407|126|130.02|1434|15589|160|170.1|180
579	U04518	1 大さじ=13.6g|1 小さじ=4.5g|1 カップ=218g	03900|040|05100|060|070|080|0912.948|1027.576|1154.677|120|130|140|150|160|170|180
580	U04539	1 大さじ=14.9g|1 小さじ=5g|1 カップ=239g	03476|041.37|0551.1|064.62|070.4|083.48|098.275|1013.279|1127.545|1237|130.09|1488|151041|1631|170.7|180.1
581	U04582	1 大さじ=13.6g|1 小さじ=4.5g|1 カップ=218g	03884|040|05100|060|070|080|097.365|1063.276|1128.142|120|130|140|150|160|170|180
582	U04610	1 杯=14g|1 小さじ 1 杯=4g|1 カップ=227g	03717|040.16|0580.71|060.7|070|080|0915.189|1038.877|1124.302|123|130.06|1418|15751|160|170.2|180
583	U04613	1 大さじ=13.6g|1 小さじ=4.5g|1 カップ=218g	03533|040.17|0559.81|060.86|070|080|0912.086|1019.348|1126.477|1221|130|1430|15615|161|170.1|180
584	U04615	1 大さじ=13.6g|1 小さじ=4.5g|1 カップ=218g	03884|040|0599.97|060|070|080|0924.98|1041.186|1128.097|121|130.07|140|154|160|170|180
585	U04651	1 大さじ=13.6g|1 小さじ=4.5g|1 カップ=218g	03884|040|05100|060|070|080|0918.101|1040.262|1136.847|120|130|140|150|160|170|180
586	U04654	1 大さじ=13.6g|1 小さじ=4.5g|1 カップ=218g	03884|040|05100|060|070|080|0925.883|1059.133|1110.305|120|130|140|150|160|170|180
587	U04659	1 大さじ=13.6g|1 小さじ=4.5g|1 カップ=218g	03884|040|05100|060|070|080|0986.503|105.681|111.45|122|130.15|142|155|160|170|180
588	U01182	1 スライス=28g|1 カップ （采の目切り）=132g|1 カップ (細切り)=113g|1 カップ （溶融）=244g|1 立方インチ=17g|1 パッケージ (溶融)=170g	03282|0427.2|0518.3|062|070|080.58|0911.58|105.02|110.75|12905|130.13|1493|15725|1656|170|180.3
589	U01205	1 大さじ=15g|1 パケット=3g|1 小さじ=2g|1 カップ=94g	03251|040.69|0513.5|0635.07|071.1|0833.04|092.635|104.002|116.269|126|130.59|1496|1580|160|170|180
590	U02047	1 小さじ=6g|1 ダッシュ=0.4g|1 大さじ=18g|1 カップ=292g	030|040|050|060|070|080|090|100|110|1224|130.33|148|1538758|160|170|180
591	U03189	1 大さじ=3.2g|0.25 カップ=12.2g|0.5 オンス=15g|1 ボックス=223g	03399|0413.07|058|0669.65|079|083.84|091.37|102.57|112.47|12707|1351.25|14420|154|160|170|180
592	U05007	0.5 チキン=466g|1 胸=280g|1 ドラムスティック=133g|1 翼=49g|1 ナゲット=20g|1 カップみじん切り (采の目切り)=140g	03289|0422.54|0517.35|069.42|070.3|080|094.61|107.09|114.1|1221|131.37|14185|15292|1687|170|180.2
593	U05012	0.5 チキン=258g|1 胸=162g|1 ドラムスティック=98g|1 翼=34g|1 ナゲット=20g|1 カップみじん切り (采の目切り)=140g	03219|0430.57|059.12|061.69|070.1|080|092.46|103.35|112.15|1217|131.35|14257|1591|1694|170|180.1
594	U05013	0.5 チキン=258g|1 胸=162g|1 ドラムスティック=98g|1 翼=34g|1 ナゲット=20g|1 カップみじん切り (采の目切り)=140g	03190|0428.93|057.41|060|070|080|092.04|102.66|111.69|1215|131.21|14243|1586|1689|170|180.1
595	U05014	0.5 チキン=258g|1 胸=162g|1 ドラムスティック=98g|1 翼=34g|1 ナゲット=20g|1 カップみじん切り (采の目切り)=140g	03177|0427.29|056.71|060|070|080|091.84|102.39|111.54|1214|131.17|14180|1570|1683|170|180.1
596	U04025	1 大さじ=14.9g|1 小さじ=5g|1 カップ=239g	03680|040.96|0574.85|060.57|070|081.84|0911.703|1016.843|1144.69|128|130.21|1420|15635|1642|170|180.2
597	U04042	1 大さじ=13.6g|1 小さじ=4.5g|1 カップ=218g	03884|040|05100|060|070|080|0916.9|1046.2|1132|120|130.03|140|150|160|170|180
598	U16034	1 にすることができます。=436g|1 大さじ=16g|1 カップ=256g	0381|045.22|050.36|0614.83|075.3|081.85|090.073|100.044|110.243|1229|131.25|14260|15256|160|170.8|180
599	U15121	1 にすることができます。=165g|1 大きい缶 (排水)=354g|1 カップ (固体またはチャンク)=154g	0386|0419.44|050.96|060|070|080|090.211|100.107|110.277|1217|131.63|14179|15247|1636|170|181.2
600	U14555	1 カップ=237g|1 の小さなカップ=178g|1 大カップ=356g	030|040|050|060|070|080|090|100|110|1210|130|140|152|160|170|180
601	U14605	1 カップ=237g|1 にすることができます。=356g|12 オンス=356g|16 液量オンス=475g|1 の小さなカップ=178g	0322|040|050|065.49|070|085.49|090|100|110|1217|130|140|150|160|1712.7|180
602	U14627	1 カップ=237g|1 にすることができます。=356g|12 オンス=356g|16 液量オンス=475g|1 の小さなカップ=178g	0342|040|050|0611.25|070|0811.25|090|100|110|123|130.01|143|1575|160|170|180
603	U14629	1 カップ=237g|1 にすることができます。=356g|12 オンス=356g|16 液量オンス=475g|1 の小さなカップ=178g	0358|040.34|050.22|0612.7|070|0812.26|090|100|110|121|130.05|146|1516|160|170|180
604	U15157	1 媒体=14.5g|1 大=20g|1 カップ （液体とアサリ）=227g	0386|0414.67|050.96|063.57|070|080|090.187|100.12|110.192|1239|131.62|1446|15601|1630|170|180
605	U15160	1 媒体=14.5g|1 大=20g|1 カップ （液体とアサリ）=227g	03142|0424.25|051.59|065.9|070|080|090.309|100.198|110.318|1265|132.68|14628|15112|1650|170|180.1
606	U14400	1 カップ=237g|1 にすることができます。=356g|12 オンス=356g|16 液量オンス=475g|1 の小さなカップ=178g	0337|040.07|050.02|069.56|070|088.97|090|100|110|122|130.11|142|154|160|170|180
607	U14411	1 カップ=237g|1 の小さなカップ=178g|1 大カップ=356g	030|040|050|060|070|080|090|100|110|123|130|140|154|160|170|180
608	U14416	1 カップ=237g|1 にすることができます。=356g|12 オンス=356g|16 液量オンス=475g|1 の小さなカップ=178g	032|040.11|050.03|060.29|070|080|090|100|110|123|130.11|148|158|160|170|180
609	U14460	1 カップ=237g|1 にすることができます。=356g|12 オンス=356g|16 液量オンス=475g|1 の小さなカップ=178g	0326|040|050|066.43|070|085.24|090|100|110|121|130.05|1415|1539|160|170.4|180
610	U14461	1 カップ=237g|1 にすることができます。=356g|12 オンス=356g|16 液量オンス=475g|1 の小さなカップ=178g	0332|040|050.05|067.84|070|086.11|090.008|100.011|110.028|121|130.09|1418|1522|160|170|180
611	U14201	1 カップ=237g|1 の小さなカップ=178g|1 大カップ=356g	030|040.1|050|060|070|080|090.002|100|110.002|122|130.05|1454|152|160|170|180
612	U14264	1 カップ=237g|1 にすることができます。=356g|12 オンス=356g|16 液量オンス=475g|1 の小さなカップ=178g	0348|040|050|0611.97|070|0811.29|090|100|110|128|130.09|1425|1510|160|170.4|180
613	U14267	1 カップ=237g|1 にすることができます。=356g|12 オンス=356g|16 液量オンス=475g|1 の小さなカップ=178g	0347|040|050|0611.97|070.2|0811.29|090|100.002|110.003|128|130.09|1431|1538|160|1729.6|180
614	U14292	1 カップ=237g|1 にすることができます。=356g|12 オンス=356g|16 液量オンス=475g|1 の小さなカップ=178g	03196|040.22|050.7|0649.89|070.3|0844.46|090.025|100.008|110.059|127|130.09|1472|157|160|1713.1|180
615	U14347	1 のミルクセーキ=208g|1 カップ=167g|1 大きなマクドナルドの項目=458g|1 中マクドナルドのシェイク=333g|1 小さなマクドナルドのシェイク=250g	03148|043.37|056.52|0619.59|070.9|0813.63|093.962|101.785|110.316|12115|130.46|14166|1581|1623|170|180
616	U13796	1 ピース=285g|1 サーロイン ステーキ=165g|1 の薄いスライス=27g|1 リブ=268g|1 の刃=247g|1 の厚さのスライス=85g	03291|0426.42|0519.71|060|070|080|097.77|108.46|110.71|129|132.68|14319|1563|1687|170|180.3
617	U14003	1 カップ=237g|1 の小さなカップ=178g|1 大カップ=356g	0343|040.46|050|063.55|070|080|090|100|110|124|130.02|1427|154|160|170|180
618	U14006	1 カップ=237g|1 にすることができます。=356g|12 オンス=356g|16 液量オンス=475g|1 の小さなカップ=178g	0329|040.24|050|061.64|070|080.09|090|100|110|124|130.03|1421|154|160|170|180
619	U14136	1 カップ=237g|1 にすることができます。=356g|12 オンス=356g|16 液量オンス=475g|1 の小さなカップ=178g	0334|040|050|068.77|070|088.7|090|100|110|123|130.18|141|157|160|170|180
620	U14144	1 カップ=237g|1 にすることができます。=356g|12 オンス=356g|16 液量オンス=475g|1 の小さなカップ=178g	0341|040.09|050|0610.42|070|0810.19|090|100|110|122|130.02|141|1510|160|170|180
621	U14145	1 カップ=237g|1 にすることができます。=356g|12 オンス=356g|16 液量オンス=475g|1 の小さなカップ=178g	0340|040.05|050.02|0610.14|070|088.98|090|100|110|122|130.11|141|159|160|170|180
622	U14154	1 カップ=237g|1 にすることができます。=356g|12 オンス=356g|16 液量オンス=475g|1 の小さなカップ=178g	0345|040.25|050.08|0610.94|070|0810.06|090|100|110|1213|130.02|143|1538|160|170|180
623	U14157	1 カップ=237g|1 にすることができます。=356g|12 オンス=356g|16 液量オンス=475g|1 の小さなカップ=178g	0341|040|050|0610.6|070|0810.6|090|100|110|125|130.05|141|1513|160|170|180
624	U11283	1 大=150g|1 杯 （みじん切り）=160g|1 カップ （スライス）=115g|1 大さじ （みじん切り）=10g|1 媒体スライス=14g|1 の薄いスライス=9g|10 リング=60g	0344|041.36|050.19|0610.15|071.4|084.73|090.031|100.027|110.073|1222|130.24|14166|153|160|175.2|180
625	U11291	1 大さじ （みじん切り）=6g|1 杯 （みじん切り）=100g|1 大=25g	0332|041.83|050.19|067.34|072.6|082.33|090.032|100.027|110.074|1272|131.48|14276|1516|160|1718.8|180
626	U11297	1 大さじ=3.8g|10 小枝=10g|1 杯 （みじん切り）=60g	0336|042.97|050.79|066.33|073.3|080.85|090.132|100.295|110.124|12138|136.2|14554|1556|160|17133|180
627	U11399	10 パフ=84g|1 パフ=8.4g|10 ポテト パフ=60g	03190|042.05|058.62|0627.75|072.5|080.25|091.823|106.03|110.447|1214|130.64|14312|15462|160|176.3|180
628	U11403	1 中サービング=117g|1 大盛り=154g|1 の小さいサービング=71g|10 フライド ポテト=50g	03164|042.66|055.22|0627.74|072.8|080.28|091.029|103.237|110.321|1212|130.74|14451|15388|160|1713.3|180
629	U11457	1 カップ=30g|1 束=340g|1 葉 (細切り)=10g|1 パッケージ (溶融)=283g	0323|042.86|050.39|063.63|072.2|080.42|090.063|100.01|110.165|1299|132.71|14558|1579|160|1728.1|180
630	U11109	0.5 カップ=35g|1 カップ (細切り)=70g|1 葉 (細切り)=15g|1 杯 （みじん切り）=89g	0325|041.28|050.1|065.8|072.5|083.2|090.034|100.017|110.017|1240|130.47|14170|1518|160|1736.6|180
631	U11125	1 媒体=61g|1 スライス=3g|1 カップ （すりおろし）=110g|1 カップ (ストリップまたはスライス)=122g|1 培地のストリップ （ストリップまたはスライス）=4g|1 杯 （みじん切り）=128g	0335|040.76|050.18|068.22|073|083.45|090.03|100.006|110.089|1230|130.34|14235|1558|160|173.6|180
632	U11131	1 媒体=61g|1 スライス=3g|1 カップ （すりおろし）=110g|1 カップ (ストリップまたはスライス)=122g|1 培地のストリップ （ストリップまたはスライス）=4g|1 杯 （みじん切り）=128g	0337|040.58|050.68|067.73|073.3|084.08|090.12|100.031|110.334|1235|130.53|14192|1559|160|172.3|180
633	U10182	1 スライス=27g|1 の薄いスライス=15g|1 カップ=140g	03162|0418.26|058.39|062.28|070|080|092.7|103.94|110.93|127|130.9|14297|151278|1653|170|180.6
634	U10183	1 スライス=27g|1 の薄いスライス=15g|1 カップ=140g	03165|0421.97|057.66|060.5|070|080|092.61|103.74|111.07|128|131.4|14362|151385|1657|170|180.8
635	U11172	0 1/4 することができます。=73g|1 にすることができます。=289g|1 カップ=164g	0379|042.46|051.11|0617.77|071.9|083.04|090.161|100.223|110.415|124|130.55|14138|15186|160|171.6|180
636	U11251	1 サービング=89g|1 カップ (細切り)=72g|1 小葉 (細切り)=5g|1 の小さい頭部 (細切り)=324g	0317|041.23|050.3|063.29|072.1|081.19|090.039|100.012|110.16|1233|130.97|14247|158|160|174|180
637	U11252	1 サービング=89g|1 カップ (細切り)=72g|1 小葉 (細切り)=5g|1 の小さい頭部 (細切り)=324g	0314|040.9|050.14|062.97|071.2|081.97|090.018|100.006|110.074|1218|130.41|14141|1510|160|172.8|180
638	U11253	1 サービング=89g|1 カップ (細切り)=72g|1 小葉 (細切り)=5g|1 の小さい頭部 (細切り)=324g	0315|041.36|050.15|062.87|071.3|080.78|090.02|100.006|110.082|1236|130.86|14194|1528|160|179.2|180
639	U11261	1 キノコ=12g|1 カップ （個）=156g|1 大さじ=9.8g	0328|042.17|050.47|065.29|072.2|082.34|090.061|100.008|110.183|126|131.74|14356|152|160|174|180.2
640	U11510	1 大=180g|1 カップ=200g|1 カップ （マッシュ アップ）=328g	0376|041.37|050.14|0617.72|072.5|085.74|090.031|100|110.061|1227|130.72|14230|1527|160|1712.8|180
641	U11546	1 の小さなことができます。=170g|1 大さじ=16g|1 カップ=262g	0382|044.32|050.47|0618.91|074.1|0812.18|090.1|100.067|110.16|1236|132.98|141014|1559|160|1721.9|180
642	U11549	1 の小さなことができます。=170g|1 大さじ=16g|1 カップ=262g	0324|041.32|050.18|065.38|071.5|084.25|090.025|100.027|110.073|1213|131.02|14331|15524|160|177|180
643	U11642	1 媒体=196g|1 スライス=9.9g|1 大=323g|1 杯 （みじん切り）=124g|1 カップ （スライス）=113g	0320|040.91|050.31|064.31|071.4|082.59|090.064|100.023|110.131|1227|130.36|14192|151|160|175.5|180
644	U11644	1 媒体=196g|1 スライス=9.9g|1 大=323g|1 杯 （みじん切り）=124g|1 カップ （スライス）=113g	0337|040.89|050.35|068.85|072.8|083.3|090.072|100.026|110.147|1222|130.44|14241|151|160|179.6|180
645	U11645	1 大=180g|1 カップ=200g|1 カップ （マッシュ アップ）=328g	0389|040.98|050.2|0620.93|072.5|0815.4|090.041|100.008|110.084|1215|130.8|14185|1544|160|1710.5|180
646	U11655	1 カップ=237g|1 の小さなカップ=178g|1 大カップ=356g	0340|040.95|050.15|069.28|070.8|083.91|090.027|100.007|110.071|1224|130.46|14292|1566|160|178.5|180
647	U11531	1 にすることができます。=190g|1 カップ=240g|1 大さじ=15g|1 大=164g|1 媒体=111g	0317|040.78|050.13|064|071|082.38|090.018|100.021|110.052|1231|130.97|14188|15143|160|179.3|180
648	U11578	1 カップ=237g|1 の小さなカップ=178g|1 大カップ=356g	0319|040.63|050.09|064.55|070.8|083.3|090.013|100.014|110.038|1211|130.42|14193|15198|160|1727.7|180
649	U12563	0 1/4 カップ=37g|23 ナッツ=28.35g|1 カップ (グラウンド)=95g|1 カップ （スライス）=92g|1 カップ （テーパ）=108g|1 アーモンド （テーパ）=1.2g	03595|0421.06|0552.05|0621.2|0710.9|084.93|094.03|1032.383|1112.995|12267|133.83|14712|15656|160|170|180
650	U12586	18 カーネル=28.35g|1 カップ=129g|1 カップ （半分と作品）=129g	03581|0416.84|0547.77|0630.16|073.3|085.01|098.478|1025.923|118.546|1243|136.05|14632|15308|160|170.3|180
651	U11937	1 ピース=65g|1 スライス=7g|1 杯 （みじん切り）=143g|1 カップ （約 23 スライス）=155g	0312|040.6|050.14|062.59|071.1|081.31|090.036|100.002|110.056|1242|130.37|1492|15875|160|170.8|180
652	U11945	1 大さじ=15g|1 パケット=2/3 tbsp|1 カップ=245g	03130|040.37|050.47|0635.06|071.1|0829.13|090.054|100.209|110.122|123|130.87|1425|15811|160|171|180
653	U12061	0 1/4 カップ=37g|1 カップ=143g|23 カーネル=28.35g|1 カップ (グラウンド)=95g|1 カップ （スライス）=92g|1 カップ （テーパ）=108g|1 アーモンド （テーパ）=1.2g	03575|0421.22|0549.42|0621.67|0712.2|083.89|093.731|1030.889|1112.07|12264|133.72|14705|151|160|170|180
654	U12062	0 1/4 カップ=37g|23 ナッツ=28.35g|1 カップ (グラウンド)=95g|1 カップ （スライス）=92g|1 カップ （テーパ）=108g|1 アーモンド （テーパ）=1.2g	03590|0421.4|0552.52|0618.67|079.9|084.63|093.953|1033.415|1112.368|12236|133.28|14659|1519|160|170|180
655	U12063	0 1/4 カップ=37g|23 ナッツ=28.35g|1 カップ (グラウンド)=95g|1 カップ （スライス）=92g|1 カップ （テーパ）=108g|1 アーモンド （テーパ）=1.2g	03595|0421.06|0552.05|0621.2|0710.9|084.93|094.03|1032.383|1112.995|12267|133.83|14712|153|160|170|180
656	U12155	0 1/4 カップ=25g|1 カップ (殻から取り出された （50 半分）)=100g|1 オンスの (14 の半分)=28.35g|1 杯 （みじん切り）=117g|1 カップ (グラウンド)=80g|1 カップ （シェル）=28g|1 カップ （部分またはチップ）=120g	03654|0415.23|0565.21|0613.71|076.7|082.61|096.126|108.933|1147.174|1298|132.91|14441|152|160|171.3|180
657	U20100	1 カップ=140g|1 カップ (螺旋形)=134g|1 カップ （小さなシェル）=115g	03158|045.8|050.93|0630.86|071.8|080.56|090.176|100.131|110.319|127|131.28|1444|151|160|170|180
658	U19334	1 アンパック小さじ=3g|1 パケット=2.8g|1 小さじを満載=4.6g|1 パック杯=220g|1 アンパック カップ=145g	03380|040.12|050|0698.09|070|0897.02|090|100|110|1283|130.71|14133|1528|160|170|180
659	U19335	1 アンパック小さじ=3g|1 パケット=2.8g|1 小さじを満載=4.6g|1 パック杯=220g|1 アンパック カップ=145g	03387|040|050|0699.98|070|0899.8|090|100|110|121|130.05|142|151|160|170|180
660	U19411	10 のチップ=12g|1 カップ=34g|1 袋=168g	03542|046.56|0536.4|0650.81|074.4|080.37|094.014|1015.999|1115.998|1224|131.61|141642|15480|160|1718.6|180
661	U19422	10 のチップ=12g|1 カップ=34g|1 袋=168g	03471|047.1|0520.8|0666.9|075.9|080.22|094.16|104.8|1110.94|1221|131.35|141744|15492|160|1725.7|180
662	U25028	10 のチップ=25g|1 カップ=34g|1 袋=213g	03499|046.72|0522.74|0666.89|074.7|081.21|092.818|108.92|119.159|12102|131.34|14208|15305|160|170|180
663	U42283	10 のチップ=12g|1 カップ=34g|1 袋=168g	03469|045|0518.2|0671.4|074.8|085.01|092.631|109.91|114.234|12125|130.8|14721|15634|160|170|180
664	U43015	1 大さじ=14.9g|1 小さじ=5g|1 カップ=239g	03542|042.17|0557.85|063.3|070.5|082.81|098.789|1013.504|1132.857|1248|131.08|1429|151209|1639|170.3|180.1
665	U21138	1 中サービング=117g|1 大盛り=154g|1 の小さいサービング=71g|10 フライド ポテト=50g	03312|043.43|0514.73|0641.44|073.8|080.3|092.336|105.969|115.398|1218|130.81|14579|15210|160|174.7|180
666	U43275	1 スライス=28g|1 カップ （采の目切り）=132g|1 カップ (細切り)=113g|1 カップ （溶融）=244g|1 立方インチ=17g|1 パッケージ (溶融)=170g	03180|0424.6|057|063.5|070|080.59|094.41|102.005|110.222|12684|130.43|14180|151430|1635|170|180.1
667	U43382	1 カップ=237g|1 の小さなカップ=178g|1 大カップ=356g	0346|040.39|050.13|0612.2|070.1|0812.1|090.01|100.023|110.07|128|130.25|1477|152|160|179.3|180
668	U43589	1 スライス=28g|1 カップ （采の目切り）=132g|1 カップ (細切り)=113g|1 カップ （溶融）=244g|1 立方インチ=17g|1 パッケージ (溶融)=170g	03173|0428.4|055.1|063.4|070|081.33|093.304|101.351|110.18|12961|130.17|14111|15260|1635|170|180.1
669	U18076	1 スライス=25g|1 スライス小さな=12g|1 カップ (パン粉)=45g|1 カップ （キューブ）=35g|1 の大スライス （キューブ）=30g|1 の薄いスライス=20g|1 薄いスライス地殻 （キューブ） なし地殻なし=9g|1 非常に薄いスライス （キューブ）=15g	03306|0416.27|054.07|0651.16|079.2|085.77|090.922|101.972|110.74|12130|132.96|14326|15493|160|170|180
670	U18214	5 ラウンド クラッカー=16g|1 広場=3g|1 大規模なクラッカー=10g|1 長方形正規の=4g|1 サンドイッチ クラッカー=7g	03489|0410.93|0522.74|0659.42|072.3|084.53|095.288|105.744|1110.09|12136|134.88|14156|15973|163|170|180
671	U18228	5 ラウンド クラッカー=16g|1 広場=3g|1 大規模なクラッカー=10g|1 長方形正規の=4g|1 サンドイッチ クラッカー=7g	03421|049.5|058.85|0674.34|072.9|082.22|092.001|102.247|114.068|1221|135.13|14159|151021|160|170|180
672	U18231	5 ラウンド クラッカー=16g|1 広場=3g|1 大規模なクラッカー=10g|1 長方形正規の=4g|1 サンドイッチ クラッカー=7g	03494|0411.47|0524.54|0658.38|072.3|0810.5|094.913|1013.776|114.655|1281|132.77|14215|15801|160|170|180
673	U18232	5 ラウンド クラッカー=16g|1 広場=3g|1 大規模なクラッカー=10g|1 長方形正規の=4g|1 サンドイッチ クラッカー=7g	03456|048.95|0517.36|0667.35|073.7|0813.8|092.73|104.297|119.225|1281|134.69|14207|15787|160|170|180
674	U18239	1 媒体クロワッサン=57g|1 大規模なクロワッサン=67g|1 ミニ クロワッサン=28g|1 の小さいクロワッサン=42g	03406|048.2|0521|0645.8|072.6|0811.26|0911.659|105.525|111.094|1237|132.03|14118|15467|1667|170.2|180
675	U18274	1 媒体=113g|1 オンス=28.35g|1 の余分な大規模です=168g|1 マフィン=31g	03377|044.54|0515.85|0653.98|071|0832.77|092.692|105.501|117.183|1246|131.26|14115|15339|1630|170.9|180.1
676	U19056	10 のチップ=25g|1 カップ=34g|1 袋=213g	03489|047.79|0523.36|0665.56|075.3|081|092.81|106.789|1111.248|12174|132.32|14215|15421|160|170|180
677	U19078	1 バー=44g|1 ミニチュア バー=7g|1 カップ （チップ）=168g	03501|0412.9|0552.31|0629.84|0716.6|080.91|0932.351|1016.105|111.555|12101|1317.4|14830|1524|160|170|180
678	U19080	1 バー=44g|1 ミニチュア バー=7g|1 カップ （チップ）=168g	03480|044.2|0530|0663.9|075.9|0854.5|0917.75|109.966|110.966|1232|133.13|14365|1511|160|170|180
679	U19120	1 バー=44g|1 ミニチュア バー=7g|1 カップ （チップ）=168g	03535|047.65|0529.66|0659.4|073.4|0851.5|0918.509|107.186|111.376|12189|132.35|14372|1579|1623|170|180
680	U19155	1 バー=56g|1 バー （楽しいサイズ）=15g|1 キングサイズ バー (楽しみのサイズ)=113g	03491|047.53|0523.85|0661.51|072.3|0850.47|099.069|107.875|113.014|1293|130.72|14323|15239|1613|170.5|180
681	U18375	1 パケット=7.2g|1 小さじ=4g|1 大さじ=12g	03325|0440.44|057.61|0641.22|0726.9|080|091.001|104.309|110.017|1230|132.17|14955|1551|160|170.3|180
682	U18363	1 トルティーヤ=47g|1 エンチラーダ=19g|1 パッケージ (溶融)=407g|1 オンス=28.35g	03218|045.7|052.85|0644.64|076.3|080.88|090.453|100.692|111.419|1281|131.23|14186|1545|160|170|180
683	U18364	1 トルティーヤ=47g|1 エンチラーダ=19g|1 パッケージ (溶融)=407g|1 オンス=28.35g	03301|048|056.7|0651.21|072.3|084.39|091.63|103.53|111.43|12106|133.32|14153|15686|160|170|180
684	U19003	10 のチップ=12g|1 カップ=34g|1 袋=168g	03518|046.03|0528.41|0663.01|075.3|081.16|093.612|107.913|1114.01|12164|131.32|14135|15545|160|170|180
685	U19008	10 パフ=84g|1 パフ=8.4g|10 ポテト パフ=60g	03563|045.87|0536.56|0653|071.7|083.03|095.512|1010.9|1119.637|1257|132.14|14189|15926|167|170|180
686	U18069	1 スライス=25g|1 スライス小さな=12g|1 カップ (パン粉)=45g|1 カップ （キューブ）=35g|1 の大スライス （キューブ）=30g|1 の薄いスライス=20g|1 薄いスライス地殻 （キューブ） なし地殻なし=9g|1 非常に薄いスライス （キューブ）=15g	03265|049.15|053.19|0649.06|072.7|085.07|090.698|100.599|111.602|12260|133.59|14115|15491|160|170|180
687	U18070	1 スライス=22g|1 スライス小さな=11g|1 カップ (パン粉)=45g|1 カップ （キューブ）=42g|1 の大スライス （キューブ）=27g|1 の薄いスライス=17g|1 薄いスライス地殻 （キューブ） なし地殻なし=8g|1 非常に薄いスライス （キューブ）=13g	03293|049|054|0654.4|072.5|084.74|090.578|100.796|112.09|12119|133.33|14131|15592|161|170|180
688	U18035	1 スライス=25g|1 スライス小さな=12g|1 カップ (パン粉)=45g|1 カップ （キューブ）=35g|1 の大スライス （キューブ）=30g|1 の薄いスライス=20g|1 薄いスライス地殻 （キューブ） なし地殻なし=9g|1 非常に薄いスライス （キューブ）=15g	03265|0413.36|054.23|0643.34|077.4|086.39|090.872|100.76|111.872|12103|132.5|14230|15381|160|170.1|180
689	U18060	1 スライス=25g|1 スライス小さな=12g|1 カップ (パン粉)=45g|1 カップ （キューブ）=35g|1 の大スライス （キューブ）=30g|1 の薄いスライス=20g|1 薄いスライス地殻 （キューブ） なし地殻なし=9g|1 非常に薄いスライス （キューブ）=15g	03259|048.5|053.3|0648.3|075.8|083.85|090.626|101.311|110.799|1273|132.83|14166|15603|160|170.4|180
690	U18360	1 シェル=12.9g|1 オンス=28.35g	03474|046.48|0521.3|0664.03|077|081.54|096.153|106.064|116.707|1297|131.78|14233|15243|160|170|180
691	U19034	1 袋=28g|1 カップ=11g	03387|0412.94|054.54|0677.9|0714.5|080.87|090.57|101.1|111.9|127|133.19|14329|158|160|170|180
692	U18369	1 小さじ=4.6g|0.5 小さじ=2.3g	0353|040|050|0627.7|070.2|080|090|100|110|125876|1311.02|1420|1510600|160|170|180
693	U19107	1 ピース=6g|1 小片=3g	03394|040|050.2|0698|070|0862.9|090|100|110|123|130.3|145|1538|160|170|180
694	U19083	1 大規模なパティ=43g|1 小さなパティ=11g	03366|042.2|059.3|0680.4|072.1|0871.42|095.46|103.09|110.3|1217|131.56|14168|1526|160|170|180
695	U19074	1 ピース=10.1g|1 パッケージ (溶融)=71g	03382|044.6|058.1|0677|070|0865.5|092.476|101.542|113.478|12138|130.14|14214|15245|167|170.4|180
696	U19097	1 バー=37g|0.5 カップ=107g	03144|041.1|052|0630.4|071.3|0824.32|091.16|100.53|110.08|1254|130.14|1496|1546|161|172.3|180
697	U18079	1 大さじ=7g|1 カップ=108g	03395|0413.35|055.3|0671.98|074.5|086.2|091.203|101.023|112.06|12183|134.83|14196|15732|160|170|180
698	U18128	1 スポンジ ケーキ=42g|1 のカップケーキ=50g	03374|043.47|0511.54|0664.03|071|0837.3|094.139|104.906|111.86|1224|131.36|1471|15470|1641|170.1|180.1
699	U18147	1 ピース=125g|1 小片=80g	03321|045.5|0522.5|0625.5|070.4|0821.8|099.921|108.634|111.602|1251|130.63|1490|15438|1655|170.4|180.5
700	U16390	0 1/8 カップ=18g|32 ピーナッツ=28g	03585|0423.68|0549.66|0621.51|078|084.18|096.893|1024.64|1115.694|1254|132.26|14658|156|160|170|180
701	U18022	1 パッケージ (溶融)=241g|1 オンス=28.35g	03418|047|0512.2|0669.5|076.5|0820.34|093.091|106.719|111.682|1257|132.5|14113|15817|162|170.1|180
702	U43109	1 媒体=115g|1 大=143g	03338|048.2|053.1|0669.39|071.7|080.25|090.695|101.071|110.948|1223|133.92|1488|15805|163|170|180
703	U19336	1 小さじ=2.5g|1 カップ （） ふるい=100g	03389|040|050|0699.77|070|0897.81|090|100|110|121|130.06|142|152|160|170|180
704	U21225	1 スライス=118g|1 ピザ=946g	03260|0412.37|058.78|0632.91|072.5|085.09|093.825|102.198|111.381|12177|131.77|14175|15556|1616|171.9|180
705	U21226	1 スライス=118g|1 ピザ=946g	03276|0411.28|0514.43|0625.14|072.2|084.85|095.083|105.89|112.578|12152|131.36|14209|15555|1616|173.4|180
706	U21026	0.5 カップ=72g|1 カップ=144g	03327|042.61|0521.65|0632.2|072.7|080.24|094.947|1011.545|113.796|1216|130.67|14356|15518|160|172.9|180
707	U21302	1 スライス=118g|1 ピザ=946g	03282|0411.74|0511.91|0631.98|072.3|083.26|095.092|103.853|112.064|12153|132.52|14195|15685|1625|170.9|180
708	U21303	1 スライス=118g|1 ピザ=946g	03287|0411.49|0512.58|0631.84|072.2|082.93|094.839|103.731|112.98|12148|132.55|14189|15684|1624|170.7|180
709	U21304	1 スライス=118g|1 ピザ=946g	03244|0411.02|0510.9|0625.38|072.2|083.73|094.407|103.787|111.89|12120|131.86|14184|15589|1627|170.1|180
710	U11935	1 大さじ=17g|1 パケット=9g	03112|041.25|050.18|0626.23|070.3|0821.71|090.05|100.055|110.147|1216|130.41|14315|15907|160|174.1|180
711	U11101	0.5 カップ=78g|1 カップ=155g	0342|043.64|050.39|068.32|074.1|082.08|090.081|100.03|110.2|1226|130.48|14290|1515|160|1745.7|180
712	U11530	1 カップ=240g|1 ウェッジ (1/4 媒体トマト）)=31g	0318|040.95|050.11|064.01|070.7|082.49|090.015|100.016|110.044|1211|130.68|14218|1511|160|1722.8|180
713	U11213	0.5 カップ （みじん切り）=25g|1 エンダイブ （みじん切り）=513g	0317|041.25|050.2|063.35|073.1|080.25|090.048|100.004|110.087|1252|130.83|14314|1522|160|176.5|180
714	U11370	0.5 カップ=72g|1 カップ=144g	03265|043|0512.52|0635.11|073.2|081.49|091.883|105.299|114.703|1214|130.55|14576|15342|160|1713|180
715	U14368	2 大さじ=11.3g|1 小さじ=1.4g	03345|047.4|050.18|0678.52|075|084.52|090.047|100.012|110.117|1228|130.75|143453|1555|160|170|180
716	U15152	4 大=28g|1 媒体=6g	03100|0420.42|051.36|060|070|080|090.188|100.108|110.684|12145|132.13|1480|15777|16252|174.1|180
717	U16042	1 カップ=193g|1 大さじ=12g	03347|0421.42|051.23|0662.55|0715.5|082.11|090.235|100.229|110.407|12113|135.07|141393|1512|160|176.3|180
718	U16043	1 カップ=171g|1 大さじ=10.6g	03143|049.01|050.65|0626.22|079|080.34|090.136|100.133|110.235|1246|132.09|14436|151|160|170.8|180
719	U16050	1 カップ=179g|1 大さじ=11.2g	03139|049.73|050.35|0625.09|076.3|080.34|090.091|100.031|110.152|1290|133.7|14561|156|160|170|180
720	U16069	1 カップ=192g|1 杯=12g	03353|0425.8|051.06|0660.08|0730.5|082.03|090.156|100.189|110.516|1256|137.54|14955|156|160|174.4|180
721	U16070	1 カップ=198g|1 大さじ=12.3g	03116|049.02|050.38|0620.13|077.9|081.8|090.053|100.064|110.175|1219|133.33|14369|152|160|171.5|180
722	U16089	0 1/8 カップ=18g|32 ピーナッツ=28g	03599|0428.03|0552.5|0615.26|079.4|084.18|098.655|1025.995|1115.303|1261|131.52|14726|15320|160|170.8|180
723	U16090	0 1/8 カップ=18g|32 ピーナッツ=28g	03585|0423.68|0549.66|0621.51|078|084.18|096.893|1024.64|1115.694|1254|132.26|14658|15679|160|170|180
724	U16103	1 にすることができます。=443g|1 カップ=238g	0391|045.41|051.17|0615.26|075.1|080.46|090.391|100.381|110.332|1233|131.67|14336|15449|160|176|180
725	U16033	1 カップ=177g|1 大さじ=11g	03127|048.67|050.5|0622.8|077.4|080.32|090.072|100.039|110.275|1228|132.94|14403|152|160|171.2|180
726	U02009	1 小さじ=2.7g|1 大さじ=8g	03282|0413.46|0514.28|0649.7|0734.8|087.19|092.462|103.211|118.006|12330|1317.3|141950|151640|160|170.7|180
727	U02046	1 小さじ=5g|1 パケット=5g	0367|044.37|054.01|065.33|073.3|080.86|090.248|102.627|110.954|1258|131.51|14138|151135|160|171.5|180
728	U05057	1 胸=290g|1 カップみじん切り (采の目切り)=140g	03172|0420.85|059.25|060|070|080|092.66|103.82|111.96|1211|130.74|14220|1563|1664|170|180.4
729	U05058	1 胸=280g|1 カップみじん切り (采の目切り)=140g	03260|0424.84|0513.2|068.99|070.3|080|093.52|105.46|113.08|1220|131.25|14201|15275|1685|170|180.1
730	U05060	1 胸=196g|1 カップみじん切り (采の目切り)=140g	03197|0429.8|057.78|060|070|080|092.19|103.03|111.66|1214|131.07|14245|1571|1684|170|180.1
731	U05091	1 の腿  なしもも (皮膚)=149g|1 肉 （皮膚）=189g	03219|0416.24|0516.61|060.25|070|080|094.478|106.89|113.449|128|130.67|14205|1577|1698|170|180.1
732	U05100	1 翼=49g|1 の小さい翼=29g	03222|0418.33|0515.97|060|070|080|094.48|106.35|113.39|1212|130.95|14156|1573|1677|170.7|180.1
733	U03194	1 大さじ=2.5g|0.5 オンス=15g	03391|047.1|054.9|0677.7|070.5|080.12|090.919|101.26|112.016|12850|1347.5|14385|156|160|172.4|180
734	U07089	1 培地のソーセージ=67g|1 大きなソーセージ=83g	03344|0419.12|0527.31|064.27|070.1|080.86|099.655|1012.777|113.507|1221|131.43|14304|151207|1657|170.1|181
735	U07037	1 のソーセージ=75g|1 リング=467g	03309|0412.23|0527.29|062.81|070|081.6|099.233|1011.8|113.884|1217|130.82|14300|15667|1666|170|181.1
736	U07043	1 の楕円形のスライス=9.3g|1 の四角形スライス=13.8g	03117|0417.94|053.4|062.59|070|080|091.101|101.289|110.089|126|132.04|14308|15883|1648|170|180.1
737	U05066	1  とバチ (肌)=133g|1 はち （皮膚） なし=122g	03159|0417.59|059.29|060.11|070|080|092.45|103.72|111.98|1210|130.63|14223|15104|1692|170|180.1
738	U05182	1 サービング=85g|1 カップ=140g	03177|0429.55|055.57|060.05|070|080|091.603|101.984|111.596|1211|130.8|14248|15101|1689|170|180.4
739	U05186	1 サービング=85g|1 カップ=140g	03147|0430.13|052.08|060|070|080|090.593|100.626|110.528|129|130.71|14249|1599|1680|170|180.3
740	U07081	1 の薄いスライス=15g|1 の厚さのスライス=27g	0399|0416.3|052.15|062.5|070|081.38|090.501|100.576|110.536|129|130.35|14497|15928|1650|170|180.2
741	U09020	0 1/4 カップ=61g|1 カップ=246g	0368|040.16|050.17|0617.49|071.2|0814.67|090.03|100.007|110.054|123|130.12|1475|152|160|171.7|180
742	U08128	0.333 カップ=27g|1 カップ=81g	03369|049.53|054.84|0676.08|078|0825.33|090.768|101.487|111.696|12234|138.46|14284|15434|160|170|180
743	U08132	0.333 カップ=27g|1 カップ=81g	03360|048.45|054.03|0676.33|075.7|0837.14|090.639|101.207|111.274|12228|139.43|14362|15462|160|170.7|180
744	U08049	0.333 カップ=27g|1 カップ=81g	03374|049.98|054.43|0677.74|076.6|0819.43|090.834|101.475|111.418|12351|1329.33|14283|15501|160|170|180
745	U11053	10 豆=62g|1 カップ=153g	0335|041.89|050.28|067.88|073.2|081.55|090.062|100.012|110.145|1244|130.65|14146|151|160|179.7|180
746	U11056	10 豆=62g|1 カップ （固体）=153g	0325|041.26|050.37|064.25|072.5|081.31|090.085|100.015|110.196|1238|130.88|14106|15246|160|172.7|180
747	U11061	10 豆=62g|1 カップ=153g	0328|041.49|050.17|066.45|073|081.23|090.042|100.007|110.084|1242|130.66|14159|151|160|174.1|180
748	U10151	1 サービング=85g|1 カップ=140g	03243|0421.57|0516.77|060|070|080|095.98|107.88|111.81|127|130.87|14286|151187|1662|170|180.7
749	U10153	1 サービング=85g|1 カップ=140g	03157|0425.05|055.5|060|070|080|091.84|102.53|110.63|127|130.94|14316|151327|1655|170|180.9
750	U10022	1 大規模なチョップ=187g|1 小さなチョップ小さなコンテナー=81g	03242|0427.32|0513.92|060|070|080|095.23|106.19|111.2|1219|130.87|14423|1562|1680|170.6|181.3
751	U10026	1 大規模なチョップ=187g|1 小さなチョップ小さなコンテナー=81g	03210|0428.57|059.8|060|070|080|093.64|104.45|110.77|1217|130.91|14438|1564|1679|170.7|180.9
752	U10049	1 大規模なチョップ=187g|1 小さなチョップ小さなコンテナー=81g	03208|0429.03|059.32|060|070|080|092.553|102.977|111.041|1251|130.87|14277|1572|1679|170|180.8
753	U01133	1 大さじ=5g|1 カップ （） ふるい=85g	03605|0448.37|0543.04|061.53|070|080.3|0913.516|1017.073|116.856|12236|134.33|14540|15480|161630|170|183.1
754	U01164	2 大さじ=30g|1 カップ=243g	03197|0410.33|0514.92|065.48|070.1|080.19|098.034|104.735|111.397|12311|130.35|14142|15493|1638|170.6|181
755	U01125	1 卵黄=17g|1 カップ=243g	03322|0415.86|0526.54|063.59|070|080.56|099.551|1011.738|114.204|12129|132.73|14109|1548|161085|170|185.4
756	U01091	0.25 カップ=30g|1 カップ=120g	03362|0436.16|050.77|0651.98|070|0851.98|090.499|100.201|110.03|121257|130.32|141794|15535|1620|176.8|180
757	U01050	1 大さじ=15g|1 カップ=240g	03195|042.7|0519.31|063.66|070|080.14|0912.02|105.577|110.717|1296|130.04|14122|1540|1666|170.8|180.4
758	U01036	0.5 カップ=124g|1 カップ=246g	03174|0411.26|0512.98|063.04|070|080.27|098.295|103.627|110.385|12207|130.38|14105|1584|1651|170|180.2
759	U01056	1 大さじ=12g	03193|042.07|0519.73|062.88|070|082.88|0911.507|105.068|110.84|12110|130.17|14141|1580|1652|170.9|180.4
760	U01048	2 本のテーブル スプーン=32g	03290|0416.41|0521.23|068.73|070|087.32|0913.327|106.219|110.624|12562|130.33|14242|151625|1655|170|180.4
761	U09266	1 カップ (チャンク)=165g	0350|040.54|050.12|0613.12|071.4|089.85|090.009|100.013|110.04|1213|130.29|14109|151|160|1747.8|180
762	U09236	1 カップ （スライス）=154g	0339|040.91|050.25|069.54|071.5|088.39|090.019|100.067|110.086|126|130.25|14190|150|160|176.6|180
763	U11090	0.5 カップ （みじん切り）=92g	0334|042.82|050.37|066.64|072.6|081.7|090.039|100.011|110.038|1247|130.73|14316|1533|160|1789.2|180
764	U11093	0.5 カップ （みじん切り）=92g	0328|043.1|050.12|065.35|073|081.47|090.018|100.008|110.055|1233|130.61|14142|1511|160|1740.1|180
765	U11012	0.5 カップ=90g	0322|042.4|050.22|064.11|072|081.3|090.048|100|110.105|1223|130.91|14224|1514|160|177.7|180
766	U08050	1 サービング=28g	03380|047.67|055.02|0680.89|075|0836.13|090.885|101.586|111.542|12434|1322.27|14222|15648|160|1726.6|183.9
767	U08060	1 カップ=59g	03314|047.72|052.72|0677.29|0711.4|0831.3|090.48|100.339|110.949|1243|1312.33|14596|15356|160|170|183.9
768	U08061	1 カップ=59g	03320|048|051.7|0678.1|0713.7|0832.1|090.314|100.37|110.846|1252|1318.3|14539|15424|160|170.8|181.7
769	U08065	1 カップ=28g	03381|046.75|052.05|0685.05|070.4|089.87|090.458|100.593|110.626|125|1330.42|14125|15527|160|1763.3|186.2
770	U08069	1 カップ=42g	03369|043.96|051.68|0689.2|072.2|0835.43|090.451|100.265|110.669|123|1326.7|1476|15468|160|1724.2|184.7
771	U08077	1 サービング=28g	03320|048.4|052.1|0674.7|079.1|0816.4|090.6|100.3|110.8|123333|1360|14306|15470|160|17200|188.3
772	U08087	1 カップ=28g	03365|047.9|053.5|0682.5|079|0821|090.8|101|111.6|12345|1328.1|14484|15402|160|1720.7|183.4
773	U08089	1 サービング=28g	03353|048.3|052.3|0683.3|0710.1|0815.2|090.5|100.4|111.2|1274|1333.3|14328|15732|160|1722.2|183.7
774	U08092	1 カップ=28g	03359|047.31|052.14|0676.02|074.2|081.51|090.362|100.395|110.967|12378|1338.75|14163|151050|160|170|180
775	U08028	1 サービング=28g	03318|0410|052|0679|0717.5|0817|090.4|100.5|111.1|1252|1362|14590|15715|160|17207|183.5
776	U08029	1 サービング=28g	03320|049.4|052.2|0680.4|0717.6|0816.7|090.4|100.295|111.025|1256|1327|14567|15600|160|170|183.3
777	U08031	5 ビスケット （1人前）=51g	03346|049.2|051.6|0684.4|0710.8|0820.3|090.4|100.2|110.9|1233|1328|14363|152|160|170|180
778	U08034	1 サービング=28g	03400|044.3|054|0686.2|070.8|0838|093.6|100.1|110.1|1217|136|1467|15630|160|1720|188.3
779	U08038	1 サービング=28g	03359|0412.48|051.85|0680.1|078.8|0812.61|090.305|100.261|110.871|1239|1338.06|14400|15507|160|170|181.7
780	U08045	1 サービング=28g	03376|048.8|054.7|0679.9|077.2|0833.2|091|101.7|111.8|12357|1316.1|14408|15543|160|1721.4|183.6
781	U08048	1 サービング=28g	03357|047.69|053.46|0682.82|078.8|089.76|090.576|100.99|111.277|12570|1332|14223|15596|160|1725.4|183.3
782	U08189	1 サービング=28g	03389|048.7|055.7|0680.9|077|0828.3|091.4|102.5|111.6|1233|133.7|14215|15257|160|176|182.1
783	U08214	1 カップ=56g	03379|0411.38|054.83|0677.77|078.3|0816.62|090.873|101.594|111.523|12203|1329.3|14363|15345|160|1711.5|180
784	U08244	1 サービング=28g	03200|046.5|052.2|0684.6|0747.9|081|090.4|100.5|111.3|12333|1315|14329|15349|160|1720|180
785	U08247	1 カップ=56g	03312|045.6|051.6|0676.8|079.1|0832.3|090.4|100.3|110.8|121887|1334|14504|15339|160|170|184.7
786	U08271	1 サービング=28g	03383|045.6|055.2|0683.7|075.7|0837.2|091|101.7|112.1|12370|1316.7|14272|15564|160|1722.2|183.7
787	U08272	1 サービング=28g	03410|045.27|059.38|0679.73|073.8|0833.15|091.422|103.211|113.061|12451|1318.27|14152|15701|160|1723.5|183.2
788	U08284	1 サービング=28g	03377|048.7|055.1|0679.3|077.3|0827.7|091.4|101.9|111.5|1232|134.2|14196|15240|160|172|181.8
789	U08318	1 カップ=56g	03369|047.1|051.6|0686.9|075.8|0828.7|090.3|100.1|110.5|1227|1336|14180|15560|160|1730|182
790	U08387	1 サービング=28g	03352|0410.3|055.3|0677.5|0715.1|0815.6|090.9|101.2|111.3|1242|135.5|14310|15256|160|1791|180
791	U08543	1 サービング=28g	03378|047.7|054.2|0683.2|079.3|0830.4|090.4|102.2|111.1|1232|1327|14251|15569|160|1770|183.3
792	U07065		03396|0413.8|0536.25|062.7|070|080|0912.96|1017.18|113.9|1210|131.13|14189|15929|1671|170|180.7
793	U07069	1 ラウンド スライス丸みを帯びた=12.3g	03336|0421.85|0525.9|062.4|070|080.96|099.316|1011.127|112.529|1215|131.56|14316|151740|1689|170|181
794	U05306	1 のパティ=113g	03203|0427.37|0510.4|060|070|080|092.669|103.458|112.917|1228|131.52|14294|1578|1693|170|180.2
795	U05321	1 ナゲット=20g	03296|0415.27|0519.82|0614.09|072.1|080|093.992|108.862|114.376|1231|131.18|14265|15557|1643|170|180.3
796	U06931	0 1/2 カップ=159g	0349|041.41|051.48|067.53|071.8|085.5|090.17|100.377|110.508|1227|130.78|14319|15419|162|172|180
797	U07057	1 ラウンド スライス丸みを帯びた=2g	03494|0422.68|0543.98|060|070|080|0914.86|1017.166|113.426|1222|131.62|14279|151761|16105|170.7|180.2
798	U07024	1 のホットドッグ=45g	03223|0415.51|0516.19|062.74|070.4|080.53|093.856|105.932|113.873|1274|131.17|14202|15756|1696|170|180.5
799	U07019		03455|0424.1|0538.27|061.86|070|080|0914.38|1018.4|113.46|128|131.59|14398|151235|1688|170|181.5
800	U07022	1 フランクフルト=50g	03313|0411.18|0527.8|063.72|070|081.3|0910.979|1012.048|110.765|1213|131.25|14290|151037|1655|170|180.9
801	U07014		03327|0414.5|0528.5|063.1|070|080|099.307|1012.731|113.193|129|1311.2|14199|15977|16180|170|181.2
802	U07953	1 サービング=48g	03378|0414.49|0535.04|060|070|080|0911.662|1015.17|114.869|12137|130.92|14307|15752|1674|170.7|180.8
803	U08003	1 カップ=28g	03366|045|051.9|0688.2|079.3|0844|090.357|100.504|110.697|1211|1316.1|14116|15459|160|1754|183.6
804	U08010	1 サービング=28g	03398|044.39|055.12|0685.51|072.5|0844.32|093.346|100.639|110.747|1211|1319.42|14186|15754|160|170|180
805	U08013	1 カップ=28g	03371|0412.09|056.73|0673.23|079.4|084.36|091.351|102.376|112.432|12401|1333.17|14641|15576|160|1721.6|183.4
806	U08014	1 サービング=28g	03389|045.22|052.9|0686.05|071.9|0838.5|091.99|100.4|110.23|12130|1314.7|14197|15424|160|1749|184.1
807	U08015	1 サービング=28g	03397|044.7|054.2|0685.8|071.5|0834.5|093.45|100.2|110.1|1221|136|14172|15586|160|170|188.3
808	U04002	1 大さじ=12.8g	03902|040|05100|060|070|080|0939.2|1045.1|1111.2|120|130|140|150|1695|170|182.5
809	U01217	1 ミディアム=184g	03102|044.37|051.08|0619.05|070|0819.05|090.697|100.297|110.031|12152|130.07|14195|1558|164|170.7|181.3
810	U01219	1 ミディアム=184g	03105|044.86|051.41|0618.6|070|082.9|090.909|100.387|110.04|12152|130.07|14194|1558|166|170.7|181.3
811	U01203	1 ミディアム=184g	03105|044.86|051.41|0618.6|070|082.9|090.909|100.387|110.04|12152|130.07|14194|1558|166|170.7|180
812	U05103	1 翼=34g	03290|0426.86|0519.46|060|070|080|095.45|107.64|114.14|1215|131.27|14184|1582|1684|170|180.1
813	U05027	1 肝臓=44g	03119|0416.92|054.83|060.73|070|080|091.563|101.249|111.306|128|138.99|14230|1571|16345|1717.9|180
814	U16008	1 カップ=259g	03142|046.75|056.57|0615.39|076.9|086.53|092.352|102.83|110.836|1248|131.73|14235|15430|166|172.3|180
815	U16011	1 カップ=246g	0394|045.15|050.93|0618.69|074|085.67|090.293|100.277|110.157|1256|133.24|14295|15437|167|173|180
816	U16150	2 大さじ=32g	03520|0425.9|0534|0635.65|075.2|089.28|095.76|1016.156|119.182|1235|131.9|14669|15540|160|170|180
817	U16098	2 大さじ=32g	03588|0425.09|0550.39|0619.56|076|089.22|0910.51|1024.216|1114.161|1243|131.87|14649|15459|160|170|180
818	U15234	1 フィレット=159g	03119|0415.23|055.94|060|070|080|091.31|102.573|111.119|128|130.23|14302|1598|1655|170|180.2
819	U15240	1 フィレット=79g	03141|0419.94|056.18|060|070|080|091.383|101.979|111.507|1225|130.31|14377|1551|1659|172.9|1815.9
820	U15261	1 フィレット=116g	0396|0420.08|051.7|060|070|080|090.585|100.498|110.363|1210|130.56|14302|1552|1650|170|183.1
821	U15027		03249|0411.04|0513.25|0621.18|071.4|082.5|092.758|104.21|115.701|1226|131.01|14216|15421|1628|170|180.4
822	U15042	1 立方インチ=17g	03217|0424.58|0512.37|060|070|080|092.791|105.112|112.919|1284|131.51|14447|15918|1682|171|182.2
823	U14550	1 のジガー=22g	03250|040|050|060.1|070|080|090|100|110|120|130.04|142|151|160|170|180
824	U14210	1 液量オンス=30g	039|040.12|050.18|061.67|070|080|090.092|100|110.092|122|130.13|14115|1514|160|170.2|180
825	U14181	2 大さじ=18g	03279|042.1|051.13|0665.1|072.6|0849.65|090.519|100.286|110.026|1214|132.11|14224|1572|160|170.2|180
826	U14037	1 のジガー=22g	03231|040|050|060|070|080|090|100|110|120|130.04|142|151|160|170|180
827	U14106	1 ガラス=150g	0382|040.07|050|062.6|070|080.96|090|100|110|129|130.27|1471|155|160|170|180
828	U13816	1 ピース=247g	03341|0426.78|0525.12|060|070|080|0910|1010.86|110.9|1213|133.13|14233|1565|16104|170|180.4
829	U13829	1 リブ=289g	03365|0422.6|0529.79|060|070|080|0912.01|1012.8|111.05|1211|132.35|14302|1564|1684|170|180.5
830	U13865	1 ピース=313g	03235|0427.54|0512.98|060|070|080|094.9|105.56|110.52|126|132.55|14395|1562|1679|170|180.2
831	U13890	1 ピース=283g	03228|0433.93|058.33|062.03|070|080|092.399|103.031|111.523|126|133.4|14484|1565|16102|170|180.1
832	U13930	1 ピース=306g	03243|0426.96|0514.23|060|070|080|095.603|105.93|110.547|1220|131.73|14336|1556|1692|170|180.2
833	U13368	1 ピース=264g	03218|0429.75|0510.08|060|070|080|093.63|104.65|110.3|126|132.81|14285|1570|1693|170|180.2
834	U11378	1 カップ=210g	03354|048.34|050.41|0681.17|076.6|083.36|090.169|100.009|110.143|1227|131.21|141098|15104|160|1781|180
835	U11234	1 杯 （みじん切り）=130g	0328|041.9|050.4|065.63|072|081.25|090.052|100.03|110.193|1272|130.9|14228|1523|160|1741|180
836	U11461	0.5 カップ=95g	0323|042.81|050.5|063.4|072.4|080.4|090.081|100.013|110.211|12127|132.3|14346|15322|160|1714.3|180
837	U11305	0.5 カップ=80g	0384|045.36|050.22|0615.63|075.5|085.93|090.039|100.019|110.102|1227|131.54|14271|153|160|1714.2|180
838	U11308	0.5 カップ=80g	0368|044.47|050.8|0611.36|074.9|082.99|090.143|100.071|110.375|1223|131.18|14106|15273|160|174.2|180
839	U11313	0.5 カップ=80g	0378|045.15|050.27|0614.26|075.5|084.65|090.049|100.024|110.129|1224|131.52|14110|1572|160|179.9|180
840	U11363	0.5 カップ （采の目切り）=75g	0393|041.96|050.1|0621.55|071.5|081.7|090.026|100.002|110.043|125|130.35|14391|155|160|1712.8|180
841	U11365	0.5 カップ （采の目切り）=75g	0387|041.87|050.1|0620.13|071.8|080.87|090.026|100.002|110.043|125|130.31|14379|154|160|1713|180
842	U11367	0.5 カップ （采の目切り）=75g	0386|041.71|050.1|0620.01|071.8|080.85|090.026|100.002|110.043|128|130.31|14328|155|160|177.4|180
843	U11271	1 杯 （みじん切り）=140g	0326|042.56|050.47|064.51|072|081.41|090.012|100.11|110.046|12118|130.87|14162|159|160|1725.3|180
844	U11179	1 カップ （カット）=149g	0381|042.55|050.67|0619.3|072.4|083.07|090.103|100.197|110.318|123|130.47|14233|151|160|173.5|180
845	U11152	1 杯 （みじん切り）=29g	0323|041.7|050.3|064.7|074|080.7|090.073|100.006|110.131|12100|130.9|14420|1545|160|1724|180
846	U11162	1 杯 （みじん切り）=190g	0333|042.71|050.72|065.65|074|080.4|090.047|100.026|110.173|12141|131.13|14117|1515|160|1718.2|180
847	U11168	1 カップ （カット）=149g	0396|043.41|051.5|0620.98|072.4|084.54|090.197|100.374|110.603|123|130.45|14218|151|160|175.5|180
848	U11569	1 杯 （みじん切り）=144g	0320|041.14|050.23|064.36|073.5|080.53|090.053|100.015|110.091|12137|130.8|14203|1529|160|1727.4|180
849	U11674	0.5 カップ （采の目切り）=75g	0393|042.5|050.13|0621.15|072.2|081.18|090.035|100.003|110.058|1215|131.08|14535|1510|160|179.6|180
850	U13326	1 スライス=81g	03191|0429.08|055.26|065.13|070|080|091.696|100.647|110.639|126|136.54|14352|1579|16396|171.9|181.2
851	U12635	10 ナット=14g	03594|0417.3|0551.45|0625.35|079|084.8|096.5|1031.395|1110.768|1270|133.7|14693|15345|160|170.4|180
852	U12637	10 ナット=14g	03607|0420.04|0553.95|0621.05|077|084.15|098.711|1028.488|1114.612|12117|132.61|14632|15273|160|170.5|180
853	U12538	0 1/4 カップ=28g	03592|0420.06|0551.3|0622.89|0710.6|083.11|097.068|108.063|1134.294|1287|134.28|14483|15733|160|171.1|180
854	U12036	0 1/4 カップ=28g	03584|0420.78|0551.46|0620|078.6|082.62|094.455|1018.528|1123.137|1278|135.25|14645|159|160|171.4|180
855	U12037	0 1/4 カップ=28g	03582|0419.33|0549.8|0624.07|0711.1|082.73|095.219|109.505|1132.884|1270|133.8|14850|153|160|171.4|180
856	U21389	1 のハンバーガー=374g	03252|0413.94|0515.66|0613.74|071.4|083.52|095.773|106.117|113.016|1235|132.8|14192|15289|1646|170.2|180.1
857	U21390	1 のハンバーガー=247g	03226|0411.34|0512.37|0617.33|071.5|084|093.972|104.67|113.144|1246|132.99|14188|15342|1633|170.9|180.1
858	U21397	1 チーズバーガー=215g	03268|0413.69|0515.8|0617.73|071.1|084.5|095.746|105.352|112.366|1273|132.3|14208|15473|1651|171.1|180.1
859	U21400	1 チーズバーガー=219g	03261|0411.94|0514.1|0621.53|071.4|083.26|095.045|105.088|113.826|12127|131.4|14182|15485|1636|170.3|180.1
860	U21090	1 チーズバーガー=127g	03270|0413.49|0512.9|0625.46|071.9|085.24|095.797|105.035|111.363|12123|132.25|14184|15628|1639|170.4|180.1
861	U22953	1 ロール=85g	03222|049.94|057.17|0629.5|072.1|085.32|091.588|102.35|112.464|1234|131.55|14212|15407|1614|1729.3|180.1
862	U23558	1 のハンバーガーのパティー=82g	03171|0426.29|056.55|060|070|080|092.977|102.721|110.327|127|132.83|14348|1565|1676|170|180.2
863	U23563	1 のハンバーガーのパティー=82g	03217|0426.11|0511.73|060|070|080|094.627|104.941|110.421|1213|132.71|14333|1568|1685|170|180.2
864	U23568	1 のハンバーガーのパティー=82g	03250|0425.93|0515.48|060|070|080|095.887|106.662|110.485|1218|132.6|14318|1572|1690|170|180.2
865	U23572	1 のハンバーガーのパティー=82g	03254|0417.17|0520|060|070|080|097.673|108.757|110.52|1218|131.94|14270|1567|1671|170|180.1
866	U23577	1 のハンバーガーのパティー=82g	03293|0415.76|0525|060|070|080|099.481|108.629|110.52|1221|131.79|14244|1567|1675|170|180.1
867	U23580	1 部分=139g	03277|0426.28|0518.21|060|070|080|097.044|108.373|110.509|1234|132.63|14354|1593|1689|170|180.2
868	U19353	1 大さじ=20g	03260|040.04|050.06|0667.04|070|0867.9|090.007|100.011|110.017|12102|130.11|14212|1512|160|170|180
869	U19410	1 にすることができます。=198g	03559|044.45|0538.41|0652.02|073.1|081.14|099.492|107.048|1113.594|1227|130.82|14751|15388|160|178.2|180
870	U20017	1 カップ=114g	03365|049.28|053.86|0676.29|076.4|081.61|090.532|100.997|111.724|12136|137.49|14263|155|160|170|180
871	U20022	1 カップ=157g	03370|047.11|051.75|0679.45|073.9|081.61|090.169|100.299|110.634|123|134.36|14142|157|160|170|180
872	U20044	1 カップ=185g	03365|047.13|050.66|0679.95|071.3|080.12|090.18|100.206|110.177|1228|134.31|14115|155|160|170|180
873	U20110	1 カップ=160g	03138|044.54|052.07|0625.16|071.2|080.4|090.419|100.581|110.552|1212|131.47|1438|155|1629|170|180.1
874	U21005	1 のアイテム=162g	03312|0411.13|0520.77|0621.05|070.2|080.95|096.449|109.985|112.967|1251|131.9|14149|15672|16161|170|180.5
875	U21009	1 のアイテム=111g	03371|049.67|0524.42|0629.99|070.4|081.59|097.427|1012.157|113.107|1247|131.86|14153|15814|1628|170|180.3
876	U20049	1 カップ=165g	03117|042.18|050.5|0625.1|070.6|080|090.017|100.074|110.017|128|131.77|149|154|160|170|180
877	U20080	1 カップ=137g	03340|0413.21|052.5|0671.97|0710.7|080.41|090.43|100.283|111.167|1234|133.6|14363|152|160|170|180
878	U20081	1 カップ=137g	03364|0410.33|050.98|0676.31|072.7|080.27|090.155|100.087|110.413|1215|134.64|14107|152|160|170|180
879	U20083	1 カップ=137g	03361|0411.98|051.66|0672.53|072.4|080.31|090.244|100.14|110.727|1215|134.41|14100|152|160|170|180
880	U20084	1 カップ=137g	03362|048.2|050.86|0678.03|071.7|080.31|090.127|100.073|110.379|1214|137.32|14105|152|160|170|180
881	U21301	1 スライス=76g	03302|0412.85|0513.95|0631.2|072.5|083.61|096.224|103.507|113.044|12288|131.71|14199|15742|1628|173|180
882	U22906	1 パイ=302g	03198|044.82|0511.45|0618.99|071|082.4|094.178|103.932|112.749|1221|130.58|14105|15407|1617|171|180.1
883	U22907	1 カップ=255g	03107|044.17|055.1|0611.11|072.7|082.83|091.98|102.216|110.36|1212|131.31|14141|15291|169|173|180.2
884	U25031	1 バー=50g	03422|0430|0514|0645|072|0827|094.499|103.828|114.804|12200|133.6|14250|15450|168|17120|180
885	U42240	1 サービング=28g	03406|046.25|057.81|0681.25|076.3|0818.75|090.8|104.688|111.563|1237|1333.75|14219|15422|160|170|183.1
886	U25017	1 バー=68g	03363|0414.15|053.11|0669.63|075.7|0830.07|091.32|101.05|110.589|12504|1311.7|14362|15146|160|1792.3|180
887	U43570	1 サービング=28g	03398|047.12|055.46|0681.19|074.2|0819.79|090.693|102.831|111.307|1223|1334.82|14209|15482|160|170|184.6
888	U43100	1 バー=43g	03464|049.8|0517.6|0666.7|073.1|0827.52|0912.69|101.933|111.634|1260|133.18|14326|15251|160|171|180
889	U42297	1 カップ=56g	03407|0410.17|0510.17|0672.88|0711.9|0818.64|091.695|103.39|114.237|1234|1327.46|14356|15237|160|170.1|181.7
890	U18001	1 オンス=28.35g	03257|0410.02|051.62|0650.5|072.2|085.05|090.393|100.521|110.64|1289|136.05|1475|15477|160|171|180
891	U18005	1 オンス=28.35g	03274|049.8|051.7|0655.2|072.3|085.98|090.274|100.175|110.671|1219|133.8|14148|15344|160|170.7|180
892	U18159	1 クッキー=12.2g	03474|045.12|0523.31|0663.86|072.4|0835.14|099.949|107.279|112.681|1226|133.2|14147|15344|160|170|180
893	U18166	1 クッキー=12.2g	03469|045.61|0519.78|0670.67|072.8|0841.01|096.375|108.503|113.554|1222|138.68|14215|15460|160|170|180
894	U18185	1 クッキー=12.2g	03477|049.6|0523.6|0658.9|071.8|0831.83|094.485|1012.368|115.518|1235|132.51|14167|15506|161|170|180
895	U18210	1 オンス=28.35g	03483|044.5|0520|0672.1|071.5|0839.3|092.979|108.437|117.551|1227|132.21|1491|15349|160|170|180
896	U18326		03243|043.9|059.75|0634.83|071.8|0818.88|091.988|104.6|111.77|1264|130.9|14167|15239|1626|170|180.1
897	U18347	1 ロール=27g	03273|048.6|056.3|0646|073.8|081.63|091.497|103.109|111.107|12176|133.55|14115|15524|160|170|180
898	U18350	1 ロール=42g	03278|049.87|053.76|0650.15|072.1|086.37|090.885|100.901|111.594|12173|133.43|14127|15500|160|171.3|180
899	U18353		03293|049.9|054.3|0652.7|072.3|081.77|090.606|101.133|111.719|1295|133.28|14108|15544|160|170|180
900	U18356		03372|046.2|0516.4|0650.9|072.4|0831.73|093.079|104.797|117.473|1272|131.6|14111|15304|1666|172|180
901	U18248		03418|045.87|0523.55|0645.63|071.6|0816.28|097.127|1012.732|112.659|1225|133|14113|15450|169|171.3|180
902	U18258	1 マフィン=57g	03227|048.87|051.69|0644.17|073.5|083.53|090.733|100.383|110.498|12163|134|14109|15362|160|171.8|180
903	U19106	10 グミ=36g	03396|040|050|0698.9|070.1|0858.97|090|100|110|123|130.4|145|1544|160|170|180
904	U19088	0.5 カップ=107g	03180|044.78|054.83|0629.46|070.3|0822.12|092.927|101.281|110.219|12161|130.19|14208|1574|1627|171.2|180.1
905	U19089	0.5 カップ=107g	03249|043.5|0516.2|0622.29|070|0820.65|0910.329|104.46|110.68|12117|130.34|14157|1561|1692|170|180.3
906	U19166	1 大さじ=5.4g	03220|0418.1|0513.1|0658.3|0729.8|081.76|097.76|104.39|110.42|12111|1315.52|142509|1519|160|170|180
907	U19270	0.5 カップ=107g	03216|043.8|0511|0628.2|071.2|0825.36|096.8|103.21|110.41|12109|130.93|14249|1576|1634|170.7|180.2
908	U19280	0.5 カップ=107g	03128|040.4|050|0632.6|070|0832.6|090|100|110|122|130.16|143|1522|160|171|180
909	U18933		03309|047.42|059.49|0648.39|072.6|084.41|092.283|105.292|111.526|12299|136.59|14138|15710|1613|170|180
910	U18938	1 ペストリー=55g	03391|044.23|0510.08|0670.81|070.7|0835.52|092.672|105.733|111.235|1211|134.05|1471|15312|160|170|180
911	U18362	1 ペストリー=55g	03391|044.67|0510.56|0669.23|071.1|0828.59|092.618|106.404|111.082|1211|133.85|1475|15334|160|170|180
